  
          0.55432232         -0.00257930          0.08394547         -0.01723593         -0.03066142         -0.00805534         -0.53071586          0.03298385         -0.07801993
         -0.00257930          0.19397985          0.39354368         -0.01824960         -0.00184417          0.00434711          0.02058872         -0.18794247         -0.39674470
          0.08394547          0.39354368         -1.44363123         -0.00928551          0.00078838         -0.00339363         -0.07671080         -0.39323955          1.44021322
         -0.01723593         -0.01824960         -0.00928551          0.01747544          0.02339330          0.00935073         -0.00020439         -0.00508913         -0.00003623
         -0.03066142         -0.00184417          0.00078838          0.02339330         -0.00052193         -0.00105563          0.00724822          0.00232749          0.00025441
         -0.00805534          0.00434711         -0.00339363          0.00935073         -0.00105563          0.00236383         -0.00128412         -0.00328209          0.00103773
         -0.53071586          0.02058872         -0.07671080         -0.00020439          0.00724822         -0.00128412          0.53080021         -0.02784818          0.07806768
          0.03298385         -0.18794247         -0.39323955         -0.00508913          0.00232749         -0.00328209         -0.02784818          0.18563127          0.39646731
         -0.07801993         -0.39674470          1.44021322         -0.00003623          0.00025441          0.00103773          0.07806768          0.39646731         -1.44121267
  
         -0.00257930          0.19397985          0.39354368         -0.01824960         -0.00184417          0.00434711          0.02058872         -0.18794247         -0.39674470
          0.19397985          0.47001130         -0.41567862          0.00346661         -0.03986379         -0.01584778         -0.19327109         -0.42887057          0.42501551
          0.39354368         -0.41567862         -0.70595008          0.01701935          0.01601184         -0.03780078         -0.40947446          0.39313668          0.73934807
         -0.01824960          0.00346661          0.01701935          0.02099778         -0.00598112         -0.00754226         -0.00269260          0.00245607         -0.00947179
         -0.00184417         -0.03986379          0.01601184         -0.00598112          0.02870302         -0.00586833          0.00779622          0.01116192         -0.01015769
          0.00434711         -0.01584778         -0.03780078         -0.00754226         -0.00586833          0.02820227          0.00320269          0.02167982          0.00960551
          0.02058872         -0.19327109         -0.40947446         -0.00269260          0.00779622          0.00320269         -0.01790794          0.18550704          0.40619572
         -0.18794247         -0.42887057          0.39313668          0.00245607          0.01116192          0.02167982          0.18550704          0.41771259         -0.41478378
         -0.39674470          0.42501551          0.73934807         -0.00947179         -0.01015769          0.00960551          0.40619572         -0.41478378         -0.74893900
  
          0.08394547          0.39354368         -1.44363123         -0.00928551          0.00078838         -0.00339363         -0.07671080         -0.39323955          1.44021322
          0.39354368         -0.41567862         -0.70595008          0.01701935          0.01601184         -0.03780078         -0.40947446          0.39313668          0.73934807
         -1.44363123         -0.70595008          2.11278281          0.01044860         -0.00336193         -0.05383276          1.42639365          0.70489850         -2.06008214
         -0.00928551          0.01701935          0.01044860          0.01413704         -0.01057381         -0.00274452         -0.00482001         -0.00642726         -0.00770044
          0.00078838          0.01601184         -0.00336193         -0.01057381         -0.02365155          0.01037352          0.00978328          0.00765036         -0.00702094
         -0.00339363         -0.03780078         -0.05383276         -0.00274452          0.01037352          0.04461590          0.00614471          0.02743267          0.00922543
         -0.07671080         -0.40947446          1.42639365         -0.00482001          0.00978328          0.00614471          0.08160734          0.39961661         -1.43247185
         -0.39323955          0.39313668          0.70489850         -0.00642726          0.00765036          0.02743267          0.39961661         -0.40074209         -0.73230644
          1.44021322          0.73934807         -2.06008214         -0.00770044         -0.00702094          0.00922543         -1.43247185         -0.73230644          2.05093485
  
         -0.01723593         -0.01824960         -0.00928551          0.01747544          0.02339330          0.00935073         -0.00020439         -0.00508913         -0.00003623
         -0.01824960          0.00346661          0.01701935          0.02099778         -0.00598112         -0.00754226         -0.00269260          0.00245607         -0.00947179
         -0.00928551          0.01701935          0.01044860          0.01413704         -0.01057381         -0.00274452         -0.00482001         -0.00642726         -0.00770044
          0.01747544          0.02099778          0.01413704         -0.01219771         -0.02285234         -0.01103292         -0.00528289          0.00185691         -0.00310871
          0.02339330         -0.00598112         -0.01057381         -0.02285234         -0.00782467          0.00673554         -0.00053975          0.01383773          0.00384066
          0.00935073         -0.00754226         -0.00274452         -0.01103292          0.00673554          0.00101616          0.00167481          0.00079699          0.00172196
         -0.00020439         -0.00269260         -0.00482001         -0.00528289         -0.00053975          0.00167481          0.00548818          0.00323372          0.00314536
         -0.00508913          0.00245607         -0.00642726          0.00185691          0.01383773          0.00079699          0.00323372         -0.01628493          0.00563186
         -0.00003623         -0.00947179         -0.00770044         -0.00310871          0.00384066          0.00172196          0.00314536          0.00563186          0.00597880
  
         -0.03066142         -0.00184417          0.00078838          0.02339330         -0.00052193         -0.00105563          0.00724822          0.00232749          0.00025441
         -0.00184417         -0.03986379          0.01601184         -0.00598112          0.02870302         -0.00586833          0.00779622          0.01116192         -0.01015769
          0.00078838          0.01601184         -0.00336193         -0.01057381         -0.02365155          0.01037352          0.00978328          0.00765036         -0.00702094
          0.02339330         -0.00598112         -0.01057381         -0.02285234         -0.00782467          0.00673554         -0.00053975          0.01383773          0.00384066
         -0.00052193          0.02870302         -0.02365155         -0.00782467         -0.04728235          0.01171053          0.00836979          0.01861411          0.01195596
         -0.00105563         -0.00586833          0.01037352          0.00673554          0.01171053         -0.01039686         -0.00568732         -0.00584993         -0.00000258
          0.00724822          0.00779622          0.00978328         -0.00053975          0.00836979         -0.00568732         -0.00670572         -0.01616189         -0.00409470
          0.00232749          0.01116192          0.00765036          0.01383773          0.01861411         -0.00584993         -0.01616189         -0.02976569         -0.00179847
          0.00025441         -0.01015769         -0.00702094          0.00384066          0.01195596         -0.00000258         -0.00409470         -0.00179847          0.00702406
  
         -0.00805534          0.00434711         -0.00339363          0.00935073         -0.00105563          0.00236383         -0.00128412         -0.00328209          0.00103773
          0.00434711         -0.01584778         -0.03780078         -0.00754226         -0.00586833          0.02820227          0.00320269          0.02167982          0.00960551
         -0.00339363         -0.03780078         -0.05383276         -0.00274452          0.01037352          0.04461590          0.00614471          0.02743267          0.00922543
          0.00935073         -0.00754226         -0.00274452         -0.01103292          0.00673554          0.00101616          0.00167481          0.00079699          0.00172196
         -0.00105563         -0.00586833          0.01037352          0.00673554          0.01171053         -0.01039686         -0.00568732         -0.00584993         -0.00000258
          0.00236383          0.02820227          0.04461590          0.00101616         -0.01039686         -0.03979398         -0.00338461         -0.01782855         -0.00483606
         -0.00128412          0.00320269          0.00614471          0.00167481         -0.00568732         -0.00338461         -0.00039240          0.00248132         -0.00276098
         -0.00328209          0.02167982          0.02743267          0.00079699         -0.00584993         -0.01782855          0.00248132         -0.01584033         -0.00960617
          0.00103773          0.00960551          0.00922543          0.00172196         -0.00000258         -0.00483606         -0.00276098         -0.00960617         -0.00438985
  
         -0.53071586          0.02058872         -0.07671080         -0.00020439          0.00724822         -0.00128412          0.53080021         -0.02784818          0.07806768
          0.02058872         -0.19327109         -0.40947446         -0.00269260          0.00779622          0.00320269         -0.01790794          0.18550704          0.40619572
         -0.07671080         -0.40947446          1.42639365         -0.00482001          0.00978328          0.00614471          0.08160734          0.39961661         -1.43247185
         -0.00020439         -0.00269260         -0.00482001         -0.00528289         -0.00053975          0.00167481          0.00548818          0.00323372          0.00314536
          0.00724822          0.00779622          0.00978328         -0.00053975          0.00836979         -0.00568732         -0.00670572         -0.01616189         -0.00409470
         -0.00128412          0.00320269          0.00614471          0.00167481         -0.00568732         -0.00338461         -0.00039240          0.00248132         -0.00276098
          0.53080021         -0.01790794          0.08160734          0.00548818         -0.00670572         -0.00039240         -0.53628878          0.02461382         -0.08121335
         -0.02784818          0.18550704          0.39961661          0.00323372         -0.01616189          0.00248132          0.02461382         -0.16934955         -0.40210237
          0.07806768          0.40619572         -1.43247185          0.00314536         -0.00409470         -0.00276098         -0.08121335         -0.40210237          1.43523294
  
          0.03298385         -0.18794247         -0.39323955         -0.00508913          0.00232749         -0.00328209         -0.02784818          0.18563127          0.39646731
         -0.18794247         -0.42887057          0.39313668          0.00245607          0.01116192          0.02167982          0.18550704          0.41771259         -0.41478378
         -0.39323955          0.39313668          0.70489850         -0.00642726          0.00765036          0.02743267          0.39961661         -0.40074209         -0.73230644
         -0.00508913          0.00245607         -0.00642726          0.00185691          0.01383773          0.00079699          0.00323372         -0.01628493          0.00563186
          0.00232749          0.01116192          0.00765036          0.01383773          0.01861411         -0.00584993         -0.01616189         -0.02976569         -0.00179847
         -0.00328209          0.02167982          0.02743267          0.00079699         -0.00584993         -0.01782855          0.00248132         -0.01584033         -0.00960617
         -0.02784818          0.18550704          0.39961661          0.00323372         -0.01616189          0.00248132          0.02461382         -0.16934955         -0.40210237
          0.18563127          0.41771259         -0.40074209         -0.01628493         -0.02976569         -0.01584033         -0.16934955         -0.38796244          0.41657694
          0.39646731         -0.41478378         -0.73230644          0.00563186         -0.00179847         -0.00960617         -0.40210237          0.41657694          0.74191186
  
         -0.07801993         -0.39674470          1.44021322         -0.00003623          0.00025441          0.00103773          0.07806768          0.39646731         -1.44121267
         -0.39674470          0.42501551          0.73934807         -0.00947179         -0.01015769          0.00960551          0.40619572         -0.41478378         -0.74893900
          1.44021322          0.73934807         -2.06008214         -0.00770044         -0.00702094          0.00922543         -1.43247185         -0.73230644          2.05093485
         -0.00003623         -0.00947179         -0.00770044         -0.00310871          0.00384066          0.00172196          0.00314536          0.00563186          0.00597880
          0.00025441         -0.01015769         -0.00702094          0.00384066          0.01195596         -0.00000258         -0.00409470         -0.00179847          0.00702406
          0.00103773          0.00960551          0.00922543          0.00172196         -0.00000258         -0.00483606         -0.00276098         -0.00960617         -0.00438985
          0.07806768          0.40619572         -1.43247185          0.00314536         -0.00409470         -0.00276098         -0.08121335         -0.40210237          1.43523294
          0.39646731         -0.41478378         -0.73230644          0.00563186         -0.00179847         -0.00960617         -0.40210237          0.41657694          0.74191186
         -1.44121267         -0.74893900          2.05093485          0.00597880          0.00702406         -0.00438985          1.43523294          0.74191186         -2.04653995
  
  
