  
         15.69792395         -1.42334399          0.55836849        -13.15851260          2.84982984         -1.11801890         -2.54168717         -1.42465135          0.55901792
         -1.42334399         -9.38602563          2.96228564          2.77888523          3.24565944          0.13340776         -1.35348318          6.14840813         -3.09653119
          0.55836849          2.96228564         -2.99985366         -1.09018376          0.13341124          3.53339804          0.53109720         -3.09652456         -0.52818748
        -13.15851260          2.77888523         -1.09018376         13.09293721         -2.75960079          1.08266860          0.06543055         -0.01914461          0.00751222
          2.84982984          3.24565944          0.13341124         -2.75960079         -3.18202417         -0.14900892         -0.09024892         -0.06356452          0.01564216
         -1.11801890          0.13340776          3.53339804          1.08266860         -0.14900892         -3.50338088          0.03540960          0.01564223         -0.02984038
         -2.54168717         -1.35348318          0.53109720          0.06543055         -0.09024892          0.03540960          2.47619355          1.44372321         -0.56648942
         -1.42465135          6.14840813         -3.09652456         -0.01914461         -0.06356452          0.01564223          1.44372321         -6.08471413          3.08077451
          0.55901792         -3.09653119         -0.52818748          0.00751222          0.01564216         -0.02984038         -0.56648942          3.08077451          0.55795787
  
         -1.42334399         -9.38602563          2.96228564          2.77888523          3.24565944          0.13340776         -1.35348318          6.14840813         -3.09653119
         -9.38602563          6.13850417         -4.30666310          3.11946528         -1.31980970          0.09330658          6.27442834         -4.81274337          4.21675293
          2.96228564         -4.30666310         -0.35839606          0.08712229          0.15636998         -0.51904781         -3.05017644          4.15369631          0.88030857
          2.77888523          3.11946528          0.08712229         -2.78273921         -3.08617045         -0.15602142          0.00399875         -0.03323143          0.06892111
          3.24565944         -1.31980970          0.15636998         -3.08617045          1.32512754         -0.12522995         -0.15940921         -0.00534809         -0.03114734
          0.13340776          0.09330658         -0.51904781         -0.15602142         -0.12522995          0.55449287          0.02265247          0.03189827         -0.03548179
         -1.35348318          6.27442834         -3.05017644          0.00399875         -0.15940921          0.02265247          1.34947264         -6.11504351          3.02749900
          6.14840813         -4.81274337          4.15369631         -0.03323143         -0.00534809          0.03189827         -6.11504351          4.81812822         -4.18550551
         -3.09653119          4.21675293          0.88030857          0.06892111         -0.03114734         -0.03548179          3.02749900         -4.18550551         -0.84474403
  
          0.55836849          2.96228564         -2.99985366         -1.09018376          0.13341124          3.53339804          0.53109720         -3.09652456         -0.52818748
          2.96228564         -4.30666310         -0.35839606          0.08712229          0.15636998         -0.51904781         -3.05017644          4.15369631          0.88030857
         -2.99985366         -0.35839606          2.04633884          3.30742567         -0.35836131          0.56507085         -0.30225329          0.71959691         -2.61068190
         -1.09018376          0.08712229          3.30742567          1.09174775         -0.15602143         -3.42265359         -0.00156928          0.06892188          0.11537086
          0.13341124          0.15636998         -0.35836131         -0.15602143         -0.17951540          0.41614500          0.02265256          0.02314141         -0.05779963
          3.53339804         -0.51904781          0.56507085         -3.42265359          0.41614500         -0.55790661         -0.11056419          0.10287473         -0.00712382
          0.53109720         -3.05017644         -0.30225329         -0.00156928          0.02265256         -0.11056419         -0.52950678          3.02750056          0.41274775
         -3.09652456          4.15369631          0.71959691          0.06892188          0.02314141          0.10287473          3.02750056         -4.17674768         -0.82242043
         -0.52818748          0.88030857         -2.61068190          0.11537086         -0.05779963         -0.00712382          0.41274775         -0.82242043          2.61767460
  
        -13.15851260          2.77888523         -1.09018376         13.09293721         -2.75960079          1.08266860          0.06543055         -0.01914461          0.00751222
          2.77888523          3.11946528          0.08712229         -2.78273921         -3.08617045         -0.15602142          0.00399875         -0.03323143          0.06892111
         -1.09018376          0.08712229          3.30742567          1.09174775         -0.15602143         -3.42265359         -0.00156928          0.06892188          0.11537086
         13.09293721         -2.78273921          1.09174775        -13.09180068          2.79172221         -1.09527006         -0.00109119         -0.00897957          0.00352262
         -2.75960079         -3.08617045         -0.15602143          2.79172221          3.05789423          0.18765490         -0.03212219          0.02828443         -0.03163212
          1.08266860         -0.15602142         -3.42265359         -1.09527006          0.18765490          3.46257953          0.01260404         -0.03163337         -0.03992035
          0.06543055          0.00399875         -0.00156928         -0.00109119         -0.03212219          0.01260404         -0.06433890          0.02812408         -0.01103551
         -0.01914461         -0.03323143          0.06892188         -0.00897957          0.02828443         -0.03163337          0.02812408          0.00495009         -0.03728920
          0.00751222          0.06892111          0.11537086          0.00352262         -0.03163212         -0.03992035         -0.01103551         -0.03728920         -0.07544930
  
          2.84982984          3.24565944          0.13341124         -2.75960079         -3.18202417         -0.14900892         -0.09024892         -0.06356452          0.01564216
          3.24565944         -1.31980970          0.15636998         -3.08617045          1.32512754         -0.12522995         -0.15940921         -0.00534809         -0.03114734
          0.13341124          0.15636998         -0.35836131         -0.15602143         -0.17951540          0.41614500          0.02265256          0.02314141         -0.05779963
         -2.75960079         -3.08617045         -0.15602143          2.79172221          3.05789423          0.18765490         -0.03212219          0.02828443         -0.03163212
         -3.18202417          1.32512754         -0.17951540          3.05789423         -1.33872037          0.13945568          0.12412690          0.01359766          0.04006091
         -0.14900892         -0.12522995          0.41614500          0.18765490          0.13945568         -0.47066582         -0.03864245         -0.01422479          0.05452359
         -0.09024892         -0.15940921          0.02265256         -0.03212219          0.12412690         -0.03864245          0.12237114          0.03528159          0.01598876
         -0.06356452         -0.00534809          0.02314141          0.02828443          0.01359766         -0.01422479          0.03528159         -0.00824917         -0.00891708
          0.01564216         -0.03114734         -0.05779963         -0.03163212          0.04006091          0.05452359          0.01598876         -0.00891708          0.00327580
  
         -1.11801890          0.13340776          3.53339804          1.08266860         -0.14900892         -3.50338088          0.03540960          0.01564223         -0.02984038
          0.13340776          0.09330658         -0.51904781         -0.15602142         -0.12522995          0.55449287          0.02265247          0.03189827         -0.03548179
          3.53339804         -0.51904781          0.56507085         -3.42265359          0.41614500         -0.55790661         -0.11056419          0.10287473         -0.00712382
          1.08266860         -0.15602142         -3.42265359         -1.09527006          0.18765490          3.46257953          0.01260404         -0.03163337         -0.03992035
         -0.14900892         -0.12522995          0.41614500          0.18765490          0.13945568         -0.47066582         -0.03864245         -0.01422479          0.05452359
         -3.50338088          0.55449287         -0.55790661          3.46257953         -0.47066582          0.57041265          0.04080647         -0.08382675         -0.01250450
          0.03540960          0.02265247         -0.11056419          0.01260404         -0.03864245          0.04080647         -0.04801484          0.01598941          0.06975873
          0.01564223          0.03189827          0.10287473         -0.03163337         -0.01422479         -0.08382675          0.01598941         -0.01767588         -0.01904625
         -0.02984038         -0.03548179         -0.00712382         -0.03992035          0.05452359         -0.01250450          0.06975873         -0.01904625          0.01962662
  
         -2.54168717         -1.35348318          0.53109720          0.06543055         -0.09024892          0.03540960          2.47619355          1.44372321         -0.56648942
         -1.35348318          6.27442834         -3.05017644          0.00399875         -0.15940921          0.02265247          1.34947264         -6.11504351          3.02749900
          0.53109720         -3.05017644         -0.30225329         -0.00156928          0.02265256         -0.11056419         -0.52950678          3.02750056          0.41274775
          0.06543055          0.00399875         -0.00156928         -0.00109119         -0.03212219          0.01260404         -0.06433890          0.02812408         -0.01103551
         -0.09024892         -0.15940921          0.02265256         -0.03212219          0.12412690         -0.03864245          0.12237114          0.03528159          0.01598876
          0.03540960          0.02265247         -0.11056419          0.01260404         -0.03864245          0.04080647         -0.04801484          0.01598941          0.06975873
          2.47619355          1.34947264         -0.52950678         -0.06433890          0.12237114         -0.04801484         -2.41185636         -1.47183950          0.57752086
          1.44372321         -6.11504351          3.02750056          0.02812408          0.03528159          0.01598941         -1.47183950          6.07974274         -3.04347967
         -0.56648942          3.02749900          0.41274775         -0.01103551          0.01598876          0.06975873          0.57752086         -3.04347967         -0.48250945
  
         -1.42465135          6.14840813         -3.09652456         -0.01914461         -0.06356452          0.01564223          1.44372321         -6.08471413          3.08077451
          6.14840813         -4.81274337          4.15369631         -0.03323143         -0.00534809          0.03189827         -6.11504351          4.81812822         -4.18550551
         -3.09652456          4.15369631          0.71959691          0.06892188          0.02314141          0.10287473          3.02750056         -4.17674768         -0.82242043
         -0.01914461         -0.03323143          0.06892188         -0.00897957          0.02828443         -0.03163337          0.02812408          0.00495009         -0.03728920
         -0.06356452         -0.00534809          0.02314141          0.02828443          0.01359766         -0.01422479          0.03528159         -0.00824917         -0.00891708
          0.01564223          0.03189827          0.10287473         -0.03163337         -0.01422479         -0.08382675          0.01598941         -0.01767588         -0.01904625
          1.44372321         -6.11504351          3.02750056          0.02812408          0.03528159          0.01598941         -1.47183950          6.07974274         -3.04347967
         -6.08471413          4.81812822         -4.17674768          0.00495009         -0.00824917         -0.01767588          6.07974274         -4.80983659          4.19441252
          3.08077451         -4.18550551         -0.82242043         -0.03728920         -0.00891708         -0.01904625         -3.04347967          4.19441252          0.84147620
  
          0.55901792         -3.09653119         -0.52818748          0.00751222          0.01564216         -0.02984038         -0.56648942          3.08077451          0.55795787
         -3.09653119          4.21675293          0.88030857          0.06892111         -0.03114734         -0.03548179          3.02749900         -4.18550551         -0.84474403
         -0.52818748          0.88030857         -2.61068190          0.11537086         -0.05779963         -0.00712382          0.41274775         -0.82242043          2.61767460
          0.00751222          0.06892111          0.11537086          0.00352262         -0.03163212         -0.03992035         -0.01103551         -0.03728920         -0.07544930
          0.01564216         -0.03114734         -0.05779963         -0.03163212          0.04006091          0.05452359          0.01598876         -0.00891708          0.00327580
         -0.02984038         -0.03548179         -0.00712382         -0.03992035          0.05452359         -0.01250450          0.06975873         -0.01904625          0.01962662
         -0.56648942          3.02749900          0.41274775         -0.01103551          0.01598876          0.06975873          0.57752086         -3.04347967         -0.48250945
          3.08077451         -4.18550551         -0.82242043         -0.03728920         -0.00891708         -0.01904625         -3.04347967          4.19441252          0.84147620
          0.55795787         -0.84474403          2.61767460         -0.07544930          0.00327580          0.01962662         -0.48250945          0.84147620         -2.63730682
  
  
