0.80901133	0	0.00000557	-0.404505	-0.30302842	-0.00000548	-0.40450632	0.30302841	-0.00000009
0	0.52669579	0.00000468	-0.23792897	-0.26334789	-0.00000398	0.23792897	-0.26334789	-0.0000007
0.00000557	0.00000468	0.00000299	-0.00000486	-0.00000442	-0.00000149	-0.00000067	-0.00000027	-0.00000149
-0.404505	-0.23792897	-0.00000486	0.43753848	0.27047844	0.00000541	-0.03303348	-0.03254948	-0.00000051
-0.30302842	-0.26334789	-0.00000442	0.27047844	0.2451791	0.00000404	0.03254997	0.01816879	0.00000038
-0.00000548	-0.00000398	-0.00000149	0.00000541	0.00000404	0.00000124	0.00000007	-0.00000006	0.00000025
-0.40450632	0.23792897	-0.00000067	-0.03303348	0.03254997	0.00000007	0.4375398	-0.27047894	0.0000006
0.30302841	-0.26334789	-0.00000027	-0.03254948	0.01816879	-0.00000006	-0.27047894	0.2451791	0.00000032
-0.00000009	-0.0000007	-0.00000149	-0.00000051	0.00000038	0.00000025	0.0000006	0.00000032	0.0000012

