  

        -12.57237926         -0.00000014         -0.00003003
         -0.00000014         -0.48313681          0.00000035
         -0.00003003          0.00000035         -0.52233251
  
         -0.00000037         -3.70616788          0.00000117
         -3.70616788         -0.00000019         -0.00000805
          0.00000117         -0.00000805         -0.00000008
  
         -0.00000002          0.00000117         -3.83738250
          0.00000117          0.00001851         -0.00000002
         -3.83738250         -0.00000002         -0.00004178
  
          6.28618980          1.83104511          0.00003130
          1.83104511          0.24156848         -0.00000384
          0.00003130         -0.00000384          0.26116627
  
          0.00149784          1.85308399         -0.00000763
          1.85308399          1.49343781          0.00000822
         -0.00000763          0.00000822         -0.22861329
  
          0.00000002         -0.00000519          1.91869129
         -0.00000519         -0.00001821          1.25025507
          1.91869129          1.25025507          0.00004109
  
          6.28618946         -1.83104497         -0.00000127
         -1.83104497          0.24156834          0.00000349
         -0.00000127          0.00000349          0.26116624
  
         -0.00149747          1.85308389          0.00000647
          1.85308389         -1.49343762         -0.00000017
          0.00000647         -0.00000017          0.22861338
  
         -0.00000000          0.00000402          1.91869122
          0.00000402         -0.00000030         -1.25025505
          1.91869122         -1.25025505          0.00000069
  
  
         -0.00000037         -3.70616788          0.00000117
         -3.70616788         -0.00000019         -0.00000805
          0.00000117         -0.00000805         -0.00000008
  
         -6.43198951         -0.00000018         -0.00003398
         -0.00000018         -8.71456413         -0.00001908
         -0.00003398         -0.00001908         -1.49350117
  
         -0.00001368         -0.00000806         -0.00000002
         -0.00000806         -0.00000414         -2.53764866
         -0.00000002         -2.53764866         -0.00003950
  
          2.01680989          1.85308288          0.00000614
          1.85308288          0.58954071          0.00000264
          0.00000614          0.00000264         -0.36708591
  
          3.21599479          3.09511935          0.00002088
          3.09511935          4.35728230          0.00003084
          0.00002088          0.00003084          0.74675059
  
          0.00000135          0.00000792          1.40750635
          0.00000792          0.00000613          1.26882441
          1.40750635          1.26882441          0.00003659
  
         -2.01680952          1.85308264         -0.00000730
          1.85308264         -0.58954052          0.00000541
         -0.00000730          0.00000541          0.36708600
  
          3.21599472         -3.09511917          0.00001310
         -3.09511917          4.35728183         -0.00001176
          0.00001310         -0.00001176          0.74675058
  
          0.00001233          0.00000014         -1.40750633
          0.00000014         -0.00000199          1.26882425
         -1.40750633          1.26882425          0.00000290
  
  
         -0.00000002          0.00000117         -3.83738250
          0.00000117          0.00001851         -0.00000002
         -3.83738250         -0.00000002         -0.00004178
  
         -0.00001368         -0.00000806         -0.00000002
         -0.00000806         -0.00000414         -2.53764866
         -0.00000002         -2.53764866         -0.00003950
  
         -4.89363193         -0.00000003         -0.00007184
         -0.00000003         -3.17374315         -0.00005444
         -0.00007184         -0.00005444         -2.12717279
  
          0.00001795         -0.00000423          1.91869097
         -0.00000423         -0.00002380          1.11262879
          1.91869097          1.11262879          0.00003741
  
         -0.00001036          0.00000932          1.25026143
          0.00000932          0.00001235          1.26882446
          1.25026143          1.26882446          0.00003539
  
          2.44681591          1.25025569          0.00007067
          1.25025569          1.58687157          0.00005208
          0.00007067          0.00005208          1.06358652
  
         -0.00001792          0.00000307          1.91869086
          0.00000307          0.00000529         -1.11262877
          1.91869086         -1.11262877          0.00000437
  
          0.00002404         -0.00000126         -1.25026141
         -0.00000126         -0.00000821          1.26882431
         -1.25026141          1.26882431          0.00000411
  
          2.44681602         -1.25025566          0.00000117
         -1.25025566          1.58687158          0.00000235
          0.00000117          0.00000235          1.06358626
  
  
          6.28618980          1.83104511          0.00003130
          1.83104511          0.24156848         -0.00000384
          0.00003130         -0.00000384          0.26116627
  
          2.01680989          1.85308288          0.00000614
          1.85308288          0.58954071          0.00000264
          0.00000614          0.00000264         -0.36708591
  
          0.00001795         -0.00000423          1.91869097
         -0.00000423         -0.00002380          1.11262879
          1.91869097          1.11262879          0.00003741
  
         -7.07978106         -1.83104538         -0.00003436
         -1.83104538         -0.60155879          0.00000191
         -0.00003436          0.00000191         -0.40384326
  
         -1.00915372         -1.79232286          0.00000223
         -1.79232286         -1.04148981         -0.00000505
          0.00000223         -0.00000505          0.29785002
  
         -0.00001250          0.00000619         -2.02419233
          0.00000619          0.00001863         -1.18144217
         -2.02419233         -1.18144217         -0.00004045
  
          0.79359125         -0.00000019          0.00000306
         -0.00000019          0.35999032          0.00000193
          0.00000306          0.00000193          0.14267699
  
         -1.00765601         -0.06076119         -0.00000836
         -0.06076119          0.45194798          0.00000242
         -0.00000836          0.00000242          0.06923671
  
         -0.00000545         -0.00000196          0.10550103
         -0.00000196          0.00000517          0.06881289
          0.10550103          0.06881289          0.00000303
  
  
          0.00149784          1.85308399         -0.00000763
          1.85308399          1.49343781          0.00000822
         -0.00000763          0.00000822         -0.22861329
  
          3.21599479          3.09511935          0.00002088
          3.09511935          4.35728230          0.00003084
          0.00002088          0.00003084          0.74675059
  
         -0.00001036          0.00000932          1.25026143
          0.00000932          0.00001235          1.26882446
          1.25026143          1.26882446          0.00003539
  
         -1.00915372         -1.79232286          0.00000223
         -1.79232286         -1.04148981         -0.00000505
          0.00000223         -0.00000505          0.29785002
  
         -1.96971569         -3.09511916         -0.00001275
         -3.09511916         -4.80045555         -0.00003551
         -0.00001275         -0.00003551         -0.67944900
  
          0.00001624         -0.00000824         -1.32888359
         -0.00000824         -0.00001317         -1.26178922
         -1.32888359         -1.26178922         -0.00003368
  
          1.00765593         -0.06076150          0.00000541
         -0.06076150         -0.45194707         -0.00000317
          0.00000541         -0.00000317         -0.06923676
  
         -1.24627910          0.00000005         -0.00000813
          0.00000005          0.44317325          0.00000466
         -0.00000813          0.00000466         -0.06730160
  
         -0.00000588         -0.00000107          0.07862273
         -0.00000107          0.00000083         -0.00703518
          0.07862273         -0.00703518         -0.00000171
  
  
          0.00000002         -0.00000519          1.91869129
         -0.00000519         -0.00001821          1.25025507
          1.91869129          1.25025507          0.00004109
  
          0.00000135          0.00000792          1.40750635
          0.00000792          0.00000613          1.26882441
          1.40750635          1.26882441          0.00003659
  
          2.44681591          1.25025569          0.00007067
          1.25025569          1.58687157          0.00005208
          0.00007067          0.00005208          1.06358652
  
         -0.00001250          0.00000619         -2.02419233
          0.00000619          0.00001863         -1.18144217
         -2.02419233         -1.18144217         -0.00004045
  
          0.00001624         -0.00000824         -1.32888359
         -0.00000824         -0.00001317         -1.26178922
         -1.32888359         -1.26178922         -0.00003368
  
         -2.52047368         -1.25025558         -0.00007140
         -1.25025558         -1.60152372         -0.00005050
         -0.00007140         -0.00005050         -1.24228219
  
          0.00001247         -0.00000100          0.10549903
         -0.00000100         -0.00000042         -0.06881287
          0.10549903         -0.06881287         -0.00000064
  
         -0.00001759          0.00000033         -0.07862236
          0.00000033          0.00000704         -0.00703513
         -0.07862236         -0.00703513         -0.00000292
  
          0.07365776          0.00000009          0.00000073
          0.00000009          0.01465215         -0.00000158
          0.00000073         -0.00000158          0.17869567
  
  
          6.28618946         -1.83104497         -0.00000127
         -1.83104497          0.24156834          0.00000349
         -0.00000127          0.00000349          0.26116624
  
         -2.01680952          1.85308264         -0.00000730
          1.85308264         -0.58954052          0.00000541
         -0.00000730          0.00000541          0.36708600
  
         -0.00001792          0.00000307          1.91869086
          0.00000307          0.00000529         -1.11262877
          1.91869086         -1.11262877          0.00000437
  
          0.79359125         -0.00000019          0.00000306
         -0.00000019          0.35999032          0.00000193
          0.00000306          0.00000193          0.14267699
  
          1.00765593         -0.06076150          0.00000541
         -0.06076150         -0.45194707         -0.00000317
          0.00000541         -0.00000317         -0.06923676
  
          0.00001247         -0.00000100          0.10549903
         -0.00000100         -0.00000042         -0.06881287
          0.10549903         -0.06881287         -0.00000064
  
         -7.07978072          1.83104517         -0.00000179
          1.83104517         -0.60155866         -0.00000542
         -0.00000179         -0.00000542         -0.40384322
  
          1.00915348         -1.79232269          0.00000190
         -1.79232269          1.04148964         -0.00000224
          0.00000190         -0.00000224         -0.29785009
  
          0.00000545         -0.00000207         -2.02419224
         -0.00000207         -0.00000487          1.18144216
         -2.02419224          1.18144216         -0.00000372
  
  
         -0.00149747          1.85308389          0.00000647
          1.85308389         -1.49343762         -0.00000017
          0.00000647         -0.00000017          0.22861338
  
          3.21599472         -3.09511917          0.00001310
         -3.09511917          4.35728183         -0.00001176
          0.00001310         -0.00001176          0.74675058
  
          0.00002404         -0.00000126         -1.25026141
         -0.00000126         -0.00000821          1.26882431
         -1.25026141          1.26882431          0.00000411
  
         -1.00765601         -0.06076119         -0.00000836
         -0.06076119          0.45194798          0.00000242
         -0.00000836          0.00000242          0.06923671
  
         -1.24627910          0.00000005         -0.00000813
          0.00000005          0.44317325          0.00000466
         -0.00000813          0.00000466         -0.06730160
  
         -0.00001759          0.00000033         -0.07862236
          0.00000033          0.00000704         -0.00703513
         -0.07862236         -0.00703513         -0.00000292
  
          1.00915348         -1.79232269          0.00000190
         -1.79232269          1.04148964         -0.00000224
          0.00000190         -0.00000224         -0.29785009
  
         -1.96971562          3.09511912         -0.00000497
          3.09511912         -4.80045507          0.00000710
         -0.00000497          0.00000710         -0.67944898
  
         -0.00000645          0.00000093          1.32888360
          0.00000093          0.00000116         -1.26178906
          1.32888360         -1.26178906         -0.00000119
  
  
         -0.00000000          0.00000402          1.91869122
          0.00000402         -0.00000030         -1.25025505
          1.91869122         -1.25025505          0.00000069
  
          0.00001233          0.00000014         -1.40750633
          0.00000014         -0.00000199          1.26882425
         -1.40750633          1.26882425          0.00000290
  
          2.44681602         -1.25025566          0.00000117
         -1.25025566          1.58687158          0.00000235
          0.00000117          0.00000235          1.06358626
  
         -0.00000545         -0.00000196          0.10550103
         -0.00000196          0.00000517          0.06881289
          0.10550103          0.06881289          0.00000303
  
         -0.00000588         -0.00000107          0.07862273
         -0.00000107          0.00000083         -0.00703518
          0.07862273         -0.00703518         -0.00000171
  
          0.07365776          0.00000009          0.00000073
          0.00000009          0.01465215         -0.00000158
          0.00000073         -0.00000158          0.17869567
  
          0.00000545         -0.00000207         -2.02419224
         -0.00000207         -0.00000487          1.18144216
         -2.02419224          1.18144216         -0.00000372
  
         -0.00000645          0.00000093          1.32888360
          0.00000093          0.00000116         -1.26178906
          1.32888360         -1.26178906         -0.00000119
  
         -2.52047379          1.25025557         -0.00000190
          1.25025557         -1.60152373         -0.00000077
         -0.00000190         -0.00000077         -1.24228193
  
  
  
