0.67599645     0.00000010     0.00000465    -0.33799713    -0.25898099  -0.00000463    -0.33799932     0.25898089    -0.00000002
0.00000010     0.44550321     0.00000396    -0.19921521    -0.22275181  -0.00000335     0.19921511    -0.22275140    -0.00000061
0.00000465     0.00000396    -0.00000879    -0.00000410    -0.00000376   0.00000440    -0.00000056    -0.00000020     0.00000440
-0.33799713    -0.19921521    -0.00000410     0.36851075     0.22909834  0.00000457    -0.03051067    -0.02988313    -0.00000048
-0.25898099    -0.22275181    -0.00000376     0.22909834     0.21059027  0.00000345     0.02988265     0.01216154     0.00000031
-0.00000463    -0.00000335     0.00000440     0.00000457     0.00000345 -0.00000407     0.00000006    -0.00000010     0.00000115
-0.33799932     0.19921511    -0.00000056    -0.03051067     0.02988265  0.00000006     0.36850999    -0.22909775     0.00000050
0.25898089    -0.22275140    -0.00000020    -0.02988313     0.01216154  -0.00000010    -0.22909775     0.21058986     0.00000030
-0.00000002    -0.00000061     0.00000440    -0.00000048     0.00000031  0.00000115     0.00000050     0.00000030    -0.00000407


