  
         -0.33766269          0.16318510          0.03027382          0.04168213         -0.09634626          0.04233137          0.31432297         -0.05692354         -0.06440197         -0.01828923         -0.00860239         -0.00969523
          0.16318510         -0.07339629          0.17754853         -0.12353821         -0.01468943          0.02691507         -0.02727303          0.06637152         -0.19915544         -0.01113159          0.01971707         -0.00545998
          0.03027382          0.17754853          0.91681991         -0.00834970         -0.02912856         -0.02375866         -0.03853762         -0.15113422         -0.89693008          0.01520714          0.00258461         -0.00238124
          0.04168213         -0.12353821         -0.00834970         -0.04168212          0.12353432         -0.00835053         -0.02544518          0.01415633          0.00834190          0.02544518         -0.01415633          0.00834190
         -0.09634626         -0.01468943         -0.02912856          0.12353432          0.01342239          0.01432292         -0.01541414          0.02038387          0.02534768         -0.01167274         -0.01918139         -0.01053893
          0.04233137          0.02691507         -0.02375866         -0.00835053          0.01432292          0.03325810         -0.01842872         -0.02325697          0.00003910         -0.01554216         -0.01799713         -0.00952931
          0.31432297         -0.02727303         -0.03853762         -0.02544518         -0.01541414         -0.01842872         -0.29365213          0.04119970          0.05743817          0.00491539          0.00151062         -0.00033909
         -0.05692354          0.06637152         -0.15113422          0.01415633          0.02038387         -0.02325697          0.04119970         -0.09498777          0.17313369          0.00155885          0.00822923          0.00123985
         -0.06440197         -0.19915544         -0.89693008          0.00834190          0.02534768          0.00003910          0.05743817          0.17313369          0.89150175         -0.00135627          0.00065029          0.00539711
         -0.01828923         -0.01113159          0.01520714          0.02544518         -0.01167274         -0.01554216          0.00491539          0.00155885         -0.00135627         -0.01207092          0.02124158          0.00169123
         -0.00860239          0.01971707          0.00258461         -0.01415633         -0.01918139         -0.01799713          0.00151062          0.00822923          0.00065029          0.02124158         -0.00879030          0.01476704
         -0.00969523         -0.00545998         -0.00238124          0.00834190         -0.01053893         -0.00952931         -0.00033909          0.00123985          0.00539711          0.00169123          0.01476704          0.00651320
  
          0.16318510         -0.07339629          0.17754853         -0.12353821         -0.01468943          0.02691507         -0.02727303          0.06637152         -0.19915544         -0.01113159          0.01971707         -0.00545998
         -0.07339629         -1.25178914         -0.12594595         -0.01342879          0.98352172         -0.10634279          0.06153000          0.18074369          0.21931527          0.02341727          0.09751735          0.01429228
          0.17754853         -0.12594595          0.43154168          0.01418622          0.01563274         -0.03082664         -0.19433529          0.16846809         -0.40756038          0.00239126         -0.05716990          0.00290515
         -0.12353821         -0.01342879          0.01418622          0.09634619          0.01468890         -0.02912664          0.01167277          0.01918133         -0.01053901          0.01541412         -0.02038389          0.02534767
         -0.01468943          0.98352172          0.01563274          0.01468890         -0.98352447          0.01570740          0.01731678          0.02052240         -0.01564831         -0.01731687         -0.02052231         -0.01564823
          0.02691507         -0.10634279         -0.03082664         -0.02912664          0.01570740          0.07576619         -0.02636639          0.03476818         -0.01602988          0.02859737          0.05602553         -0.02859988
         -0.02727303          0.06153000         -0.19433529          0.01167277          0.01731678         -0.02636639          0.01862982         -0.08080344          0.21618853         -0.00300513          0.00198717          0.00459624
          0.06637152          0.18074369          0.16846809          0.01918133          0.02052240          0.03476818         -0.08080344         -0.19437285         -0.20492792         -0.00474970         -0.00694063          0.00160219
         -0.19915544          0.21931527         -0.40756038         -0.01053901         -0.01564831         -0.01602988          0.21618853         -0.20492792          0.43482855         -0.00651533          0.00132253         -0.01121720
         -0.01113159          0.02341727          0.00239126          0.01541412         -0.01731687          0.02859737         -0.00300513         -0.00474970         -0.00651533         -0.00127907         -0.00133667         -0.02447992
          0.01971707          0.09751735         -0.05716990         -0.02038389         -0.02052231          0.05602553          0.00198717         -0.00694063          0.00132253         -0.00133667         -0.06999711         -0.00024834
         -0.00545998          0.01429228          0.00290515          0.02534767         -0.01564823         -0.02859988          0.00459624          0.00160219         -0.01121720         -0.02447992         -0.00024834          0.03691787
  
          0.03027382          0.17754853          0.91681991         -0.00834970         -0.02912856         -0.02375866         -0.03853762         -0.15113422         -0.89693008          0.01520714          0.00258461         -0.00238124
          0.17754853         -0.12594595          0.43154168          0.01418622          0.01563274         -0.03082664         -0.19433529          0.16846809         -0.40756038          0.00239126         -0.05716990          0.00290515
          0.91681991          0.43154168          1.35394973         -0.03326886         -0.07580346          0.00616255         -0.90355757         -0.35140634         -1.37726428          0.01365743         -0.00870896          0.00166189
         -0.00834970          0.01418622         -0.03326886          0.04233127          0.02691036          0.02375764         -0.01554214         -0.01799707          0.00952926         -0.01842871         -0.02325695         -0.00003907
         -0.02912856          0.01563274         -0.07580346          0.02691036         -0.10635659          0.03108336          0.02859740          0.05602539          0.02859990         -0.02636644          0.03476811          0.01603011
         -0.02375866         -0.03082664          0.00616255          0.02375764          0.03108336          0.00619602          0.01050360         -0.02223428         -0.00618578         -0.01050365          0.02223428         -0.00618579
         -0.03853762         -0.19433529         -0.90355757         -0.01554214          0.02859740          0.01050360          0.05636745          0.16678728          0.88728834         -0.00214831         -0.00094506          0.00569741
         -0.15113422          0.16846809         -0.35140634         -0.01799707          0.05602539         -0.02223428          0.16678728         -0.23068968          0.37421166          0.00233368          0.00616252         -0.00063946
         -0.89693008         -0.40756038         -1.37726428          0.00952926          0.02859990         -0.00618578          0.88728834          0.37421166          1.38561420          0.00011905          0.00476197         -0.00192775
          0.01520714          0.00239126          0.01365743         -0.01842871         -0.02636644         -0.01050365         -0.00214831          0.00233368          0.00011905          0.00537039          0.02162174         -0.00327305
          0.00258461         -0.05716990         -0.00870896         -0.02325695          0.03476811          0.02223428         -0.00094506          0.00616252          0.00476197          0.02162174          0.01612525         -0.01828215
         -0.00238124          0.00290515          0.00166189         -0.00003907          0.01603011         -0.00618579          0.00569741         -0.00063946         -0.00192775         -0.00327305         -0.01828215          0.00645718
  
          0.04168213         -0.12353821         -0.00834970         -0.04168212          0.12353432         -0.00835053         -0.02544518          0.01415633          0.00834190          0.02544518         -0.01415633          0.00834190
         -0.12353821         -0.01342879          0.01418622          0.09634619          0.01468890         -0.02912664          0.01167277          0.01918133         -0.01053901          0.01541412         -0.02038389          0.02534767
         -0.00834970          0.01418622         -0.03326886          0.04233127          0.02691036          0.02375764         -0.01554214         -0.01799707          0.00952926         -0.01842871         -0.02325695         -0.00003907
         -0.04168212          0.09634619          0.04233127          0.33766196         -0.16586704          0.02756250          0.01828923          0.00860239         -0.00969523         -0.31432294          0.05692353         -0.06440207
          0.12353432          0.01468890          0.02691036         -0.16586704          0.07345765          0.17737368          0.01113146         -0.01971874         -0.00546023          0.02727296         -0.06637279         -0.19915584
         -0.00835053         -0.02912664          0.02375764          0.02756250          0.17737368         -0.91680555          0.01520721          0.00258393          0.00238141         -0.03854626         -0.15113260          0.89692974
         -0.02544518          0.01167277         -0.01554214          0.01828923          0.01113146          0.01520721          0.01207092         -0.02124158          0.00169123         -0.00491539         -0.00155885         -0.00135627
          0.01415633          0.01918133         -0.01799707          0.00860239         -0.01971874          0.00258393         -0.02124158          0.00879030          0.01476704         -0.00151062         -0.00822923          0.00065029
          0.00834190         -0.01053901          0.00952926         -0.00969523         -0.00546023          0.00238141          0.00169123          0.01476704         -0.00651320         -0.00033909          0.00123985         -0.00539711
          0.02544518          0.01541412         -0.01842871         -0.31432294          0.02727296         -0.03854626         -0.00491539         -0.00151062         -0.00033909          0.29365217         -0.04119970          0.05743818
         -0.01415633         -0.02038389         -0.02325695          0.05692353         -0.06637279         -0.15113260         -0.00155885         -0.00822923          0.00123985         -0.04119970          0.09498777          0.17313369
          0.00834190          0.02534767         -0.00003907         -0.06440207         -0.19915584          0.89692974         -0.00135627          0.00065029         -0.00539711          0.05743818          0.17313369         -0.89150175
  
         -0.09634626         -0.01468943         -0.02912856          0.12353432          0.01342239          0.01432292         -0.01541414          0.02038387          0.02534768         -0.01167274         -0.01918139         -0.01053893
         -0.01468943          0.98352172          0.01563274          0.01468890         -0.98352447          0.01570740          0.01731678          0.02052240         -0.01564831         -0.01731687         -0.02052231         -0.01564823
         -0.02912856          0.01563274         -0.07580346          0.02691036         -0.10635659          0.03108336          0.02859740          0.05602539          0.02859990         -0.02636644          0.03476811          0.01603011
          0.12353432          0.01468890          0.02691036         -0.16586704          0.07345765          0.17737368          0.01113146         -0.01971874         -0.00546023          0.02727296         -0.06637279         -0.19915584
          0.01342239         -0.98352447         -0.10635659          0.07345765          1.25201602         -0.12942827         -0.02341778         -0.09752162          0.01429167         -0.06152192         -0.18074737          0.21931506
          0.01432292          0.01570740          0.03108336          0.17737368         -0.12942827         -0.43685488          0.00239907         -0.05708656         -0.00289525         -0.19442932          0.16857068          0.40760807
         -0.01541414          0.01731678          0.02859740          0.01113146         -0.02341778          0.00239907          0.00127908          0.00133668         -0.02447993          0.00300513          0.00474971         -0.00651533
          0.02038387          0.02052240          0.05602539         -0.01971874         -0.09752162         -0.05708656          0.00133668          0.06999709         -0.00024831         -0.00198719          0.00694062          0.00132259
          0.02534768         -0.01564831          0.02859990         -0.00546023          0.01429167         -0.00289525         -0.02447993         -0.00024831         -0.03691788          0.00459624          0.00160219          0.01121721
         -0.01167274         -0.01731687         -0.02636644          0.02727296         -0.06152192         -0.19442932          0.00300513         -0.00198719          0.00459624         -0.01862975          0.08080338          0.21618836
         -0.01918139         -0.02052231          0.03476811         -0.06637279         -0.18074737          0.16857068          0.00474971          0.00694062          0.00160219          0.08080338          0.19437269         -0.20492790
         -0.01053893         -0.01564823          0.01603011         -0.19915584          0.21931506          0.40760807         -0.00651533          0.00132259          0.01121721          0.21618836         -0.20492790         -0.43482854
  
          0.04233137          0.02691507         -0.02375866         -0.00835053          0.01432292          0.03325810         -0.01842872         -0.02325697          0.00003910         -0.01554216         -0.01799713         -0.00952931
          0.02691507         -0.10634279         -0.03082664         -0.02912664          0.01570740          0.07576619         -0.02636639          0.03476818         -0.01602988          0.02859737          0.05602553         -0.02859988
         -0.02375866         -0.03082664          0.00616255          0.02375764          0.03108336          0.00619602          0.01050360         -0.02223428         -0.00618578         -0.01050365          0.02223428         -0.00618579
         -0.00835053         -0.02912664          0.02375764          0.02756250          0.17737368         -0.91680555          0.01520721          0.00258393          0.00238141         -0.03854626         -0.15113260          0.89692974
          0.01432292          0.01570740          0.03108336          0.17737368         -0.12942827         -0.43685488          0.00239907         -0.05708656         -0.00289525         -0.19442932          0.16857068          0.40760807
          0.03325810          0.07576619          0.00619602         -0.91680555         -0.43685488          1.35398196         -0.01366142          0.00871947          0.00165333          0.90354683          0.35137744         -1.37727201
         -0.01842872         -0.02636639          0.01050360          0.01520721          0.00239907         -0.01366142          0.00537039          0.02162177          0.00327303         -0.00214831          0.00233368         -0.00011905
         -0.02325697          0.03476818         -0.02223428          0.00258393         -0.05708656          0.00871947          0.02162177          0.01612523          0.01828217         -0.00094508          0.00616251         -0.00476197
          0.00003910         -0.01602988         -0.00618578          0.00238141         -0.00289525          0.00165333          0.00327303          0.01828217          0.00645714         -0.00569740          0.00063945         -0.00192773
         -0.01554216          0.02859737         -0.01050365         -0.03854626         -0.19442932          0.90354683         -0.00214831         -0.00094508         -0.00569740          0.05636719          0.16678729         -0.88728826
         -0.01799713          0.05602553          0.02223428         -0.15113260          0.16857068          0.35137744          0.00233368          0.00616251          0.00063945          0.16678729         -0.23068993         -0.37421166
         -0.00952931         -0.02859988         -0.00618579          0.89692974          0.40760807         -1.37727201         -0.00011905         -0.00476197         -0.00192773         -0.88728826         -0.37421166          1.38561376
  
          0.31432297         -0.02727303         -0.03853762         -0.02544518         -0.01541414         -0.01842872         -0.29365213          0.04119970          0.05743817          0.00491539          0.00151062         -0.00033909
         -0.02727303          0.06153000         -0.19433529          0.01167277          0.01731678         -0.02636639          0.01862982         -0.08080344          0.21618853         -0.00300513          0.00198717          0.00459624
         -0.03853762         -0.19433529         -0.90355757         -0.01554214          0.02859740          0.01050360          0.05636745          0.16678728          0.88728834         -0.00214831         -0.00094506          0.00569741
         -0.02544518          0.01167277         -0.01554214          0.01828923          0.01113146          0.01520721          0.01207092         -0.02124158          0.00169123         -0.00491539         -0.00155885         -0.00135627
         -0.01541414          0.01731678          0.02859740          0.01113146         -0.02341778          0.00239907          0.00127908          0.00133668         -0.02447993          0.00300513          0.00474971         -0.00651533
         -0.01842872         -0.02636639          0.01050360          0.01520721          0.00239907         -0.01366142          0.00537039          0.02162177          0.00327303         -0.00214831          0.00233368         -0.00011905
         -0.29365213          0.01862982          0.05636745          0.01207092          0.00127908          0.00537039          0.28697529         -0.02021652         -0.06128213         -0.00539505          0.00030826         -0.00045369
          0.04119970         -0.08080344          0.16678728         -0.02124158          0.00133668          0.02162177         -0.02021652          0.08060293         -0.18913841          0.00026172         -0.00114277          0.00070761
          0.05743817          0.21618853          0.88728834          0.00169123         -0.02447993          0.00327303         -0.06128213         -0.18913841         -0.88558528          0.00214809         -0.00259888         -0.00497919
          0.00491539         -0.00300513         -0.00214831         -0.00491539          0.00300513         -0.00214831         -0.00539505          0.00026172          0.00214809          0.00539504         -0.00026172          0.00214809
          0.00151062          0.00198717         -0.00094506         -0.00155885          0.00474971          0.00233368          0.00030826         -0.00114277         -0.00259888         -0.00026172         -0.00560065          0.00120929
         -0.00033909          0.00459624          0.00569741         -0.00135627         -0.00651533         -0.00011905         -0.00045369          0.00070761         -0.00497919          0.00214809          0.00120929         -0.00059860
  
         -0.05692354          0.06637152         -0.15113422          0.01415633          0.02038387         -0.02325697          0.04119970         -0.09498777          0.17313369          0.00155885          0.00822923          0.00123985
          0.06637152          0.18074369          0.16846809          0.01918133          0.02052240          0.03476818         -0.08080344         -0.19437285         -0.20492792         -0.00474970         -0.00694063          0.00160219
         -0.15113422          0.16846809         -0.35140634         -0.01799707          0.05602539         -0.02223428          0.16678728         -0.23068968          0.37421166          0.00233368          0.00616252         -0.00063946
          0.01415633          0.01918133         -0.01799707          0.00860239         -0.01971874          0.00258393         -0.02124158          0.00879030          0.01476704         -0.00151062         -0.00822923          0.00065029
          0.02038387          0.02052240          0.05602539         -0.01971874         -0.09752162         -0.05708656          0.00133668          0.06999709         -0.00024831         -0.00198719          0.00694062          0.00132259
         -0.02325697          0.03476818         -0.02223428          0.00258393         -0.05708656          0.00871947          0.02162177          0.01612523          0.01828217         -0.00094508          0.00616251         -0.00476197
          0.04119970         -0.08080344          0.16678728         -0.02124158          0.00133668          0.02162177         -0.02021652          0.08060293         -0.18913841          0.00026172         -0.00114277          0.00070761
         -0.09498777         -0.19437285         -0.23068968          0.00879030          0.06999709          0.01612523          0.08060293          0.11411860          0.21131914          0.00560065          0.01019811          0.00323704
          0.17313369         -0.20492792          0.37421166          0.01476704         -0.00024831          0.01828217         -0.18913841          0.21131914         -0.39105627          0.00120929         -0.00616394         -0.00144235
          0.00155885         -0.00474970          0.00233368         -0.00151062         -0.00198719         -0.00094508          0.00026172          0.00560065          0.00120929         -0.00030827          0.00114277         -0.00259888
          0.00822923         -0.00694063          0.00616252         -0.00822923          0.00694062          0.00616251         -0.00114277          0.01019811         -0.00616394          0.00114277         -0.01019811         -0.00616394
          0.00123985          0.00160219         -0.00063946          0.00065029          0.00132259         -0.00476197          0.00070761          0.00323704         -0.00144235         -0.00259888         -0.00616394          0.00684476
  
         -0.06440197         -0.19915544         -0.89693008          0.00834190          0.02534768          0.00003910          0.05743817          0.17313369          0.89150175         -0.00135627          0.00065029          0.00539711
         -0.19915544          0.21931527         -0.40756038         -0.01053901         -0.01564831         -0.01602988          0.21618853         -0.20492792          0.43482855         -0.00651533          0.00132253         -0.01121720
         -0.89693008         -0.40756038         -1.37726428          0.00952926          0.02859990         -0.00618578          0.88728834          0.37421166          1.38561420          0.00011905          0.00476197         -0.00192775
          0.00834190         -0.01053901          0.00952926         -0.00969523         -0.00546023          0.00238141          0.00169123          0.01476704         -0.00651320         -0.00033909          0.00123985         -0.00539711
          0.02534768         -0.01564831          0.02859990         -0.00546023          0.01429167         -0.00289525         -0.02447993         -0.00024831         -0.03691788          0.00459624          0.00160219          0.01121721
          0.00003910         -0.01602988         -0.00618578          0.00238141         -0.00289525          0.00165333          0.00327303          0.01828217          0.00645714         -0.00569740          0.00063945         -0.00192773
          0.05743817          0.21618853          0.88728834          0.00169123         -0.02447993          0.00327303         -0.06128213         -0.18913841         -0.88558528          0.00214809         -0.00259888         -0.00497919
          0.17313369         -0.20492792          0.37421166          0.01476704         -0.00024831          0.01828217         -0.18913841          0.21131914         -0.39105627          0.00120929         -0.00616394         -0.00144235
          0.89150175          0.43482855          1.38561420         -0.00651320         -0.03691788          0.00645714         -0.88558528         -0.39105627         -1.39399854          0.00059860         -0.00684476          0.00192655
         -0.00135627         -0.00651533          0.00011905         -0.00033909          0.00459624         -0.00569740          0.00214809          0.00120929          0.00059860         -0.00045370          0.00070761          0.00497919
          0.00065029          0.00132253          0.00476197          0.00123985          0.00160219          0.00063945         -0.00259888         -0.00616394         -0.00684476          0.00070761          0.00323704          0.00144235
          0.00539711         -0.01121720         -0.00192775         -0.00539711          0.01121721         -0.00192773         -0.00497919         -0.00144235          0.00192655          0.00497919          0.00144235          0.00192655
  
         -0.01828923         -0.01113159          0.01520714          0.02544518         -0.01167274         -0.01554216          0.00491539          0.00155885         -0.00135627         -0.01207092          0.02124158          0.00169123
         -0.01113159          0.02341727          0.00239126          0.01541412         -0.01731687          0.02859737         -0.00300513         -0.00474970         -0.00651533         -0.00127907         -0.00133667         -0.02447992
          0.01520714          0.00239126          0.01365743         -0.01842871         -0.02636644         -0.01050365         -0.00214831          0.00233368          0.00011905          0.00537039          0.02162174         -0.00327305
          0.02544518          0.01541412         -0.01842871         -0.31432294          0.02727296         -0.03854626         -0.00491539         -0.00151062         -0.00033909          0.29365217         -0.04119970          0.05743818
         -0.01167274         -0.01731687         -0.02636644          0.02727296         -0.06152192         -0.19442932          0.00300513         -0.00198719          0.00459624         -0.01862975          0.08080338          0.21618836
         -0.01554216          0.02859737         -0.01050365         -0.03854626         -0.19442932          0.90354683         -0.00214831         -0.00094508         -0.00569740          0.05636719          0.16678729         -0.88728826
          0.00491539         -0.00300513         -0.00214831         -0.00491539          0.00300513         -0.00214831         -0.00539505          0.00026172          0.00214809          0.00539504         -0.00026172          0.00214809
          0.00155885         -0.00474970          0.00233368         -0.00151062         -0.00198719         -0.00094508          0.00026172          0.00560065          0.00120929         -0.00030827          0.00114277         -0.00259888
         -0.00135627         -0.00651533          0.00011905         -0.00033909          0.00459624         -0.00569740          0.00214809          0.00120929          0.00059860         -0.00045370          0.00070761          0.00497919
         -0.01207092         -0.00127907          0.00537039          0.29365217         -0.01862975          0.05636719          0.00539504         -0.00030827         -0.00045370         -0.28697561          0.02021648         -0.06128191
          0.02124158         -0.00133667          0.02162174         -0.04119970          0.08080338          0.16678729         -0.00026172          0.00114277          0.00070761          0.02021648         -0.08060300         -0.18911625
          0.00169123         -0.02447992         -0.00327305          0.05743818          0.21618836         -0.88728826          0.00214809         -0.00259888          0.00497919         -0.06128191         -0.18911625          0.88558524
  
         -0.00860239          0.01971707          0.00258461         -0.01415633         -0.01918139         -0.01799713          0.00151062          0.00822923          0.00065029          0.02124158         -0.00879030          0.01476704
          0.01971707          0.09751735         -0.05716990         -0.02038389         -0.02052231          0.05602553          0.00198717         -0.00694063          0.00132253         -0.00133667         -0.06999711         -0.00024834
          0.00258461         -0.05716990         -0.00870896         -0.02325695          0.03476811          0.02223428         -0.00094506          0.00616252          0.00476197          0.02162174          0.01612525         -0.01828215
         -0.01415633         -0.02038389         -0.02325695          0.05692353         -0.06637279         -0.15113260         -0.00155885         -0.00822923          0.00123985         -0.04119970          0.09498777          0.17313369
         -0.01918139         -0.02052231          0.03476811         -0.06637279         -0.18074737          0.16857068          0.00474971          0.00694062          0.00160219          0.08080338          0.19437269         -0.20492790
         -0.01799713          0.05602553          0.02223428         -0.15113260          0.16857068          0.35137744          0.00233368          0.00616251          0.00063945          0.16678729         -0.23068993         -0.37421166
          0.00151062          0.00198717         -0.00094506         -0.00155885          0.00474971          0.00233368          0.00030826         -0.00114277         -0.00259888         -0.00026172         -0.00560065          0.00120929
          0.00822923         -0.00694063          0.00616252         -0.00822923          0.00694062          0.00616251         -0.00114277          0.01019811         -0.00616394          0.00114277         -0.01019811         -0.00616394
          0.00065029          0.00132253          0.00476197          0.00123985          0.00160219          0.00063945         -0.00259888         -0.00616394         -0.00684476          0.00070761          0.00323704          0.00144235
          0.02124158         -0.00133667          0.02162174         -0.04119970          0.08080338          0.16678729         -0.00026172          0.00114277          0.00070761          0.02021648         -0.08060300         -0.18911625
         -0.00879030         -0.06999711          0.01612525          0.09498777          0.19437269         -0.23068993         -0.00560065         -0.01019811          0.00323704         -0.08060300         -0.11411860          0.21131914
          0.01476704         -0.00024834         -0.01828215          0.17313369         -0.20492790         -0.37421166          0.00120929         -0.00616394          0.00144235         -0.18911625          0.21131914          0.39105627
  
         -0.00969523         -0.00545998         -0.00238124          0.00834190         -0.01053893         -0.00952931         -0.00033909          0.00123985          0.00539711          0.00169123          0.01476704          0.00651320
         -0.00545998          0.01429228          0.00290515          0.02534767         -0.01564823         -0.02859988          0.00459624          0.00160219         -0.01121720         -0.02447992         -0.00024834          0.03691787
         -0.00238124          0.00290515          0.00166189         -0.00003907          0.01603011         -0.00618579          0.00569741         -0.00063946         -0.00192775         -0.00327305         -0.01828215          0.00645718
          0.00834190          0.02534767         -0.00003907         -0.06440207         -0.19915584          0.89692974         -0.00135627          0.00065029         -0.00539711          0.05743818          0.17313369         -0.89150175
         -0.01053893         -0.01564823          0.01603011         -0.19915584          0.21931506          0.40760807         -0.00651533          0.00132259          0.01121721          0.21618836         -0.20492790         -0.43482854
         -0.00952931         -0.02859988         -0.00618579          0.89692974          0.40760807         -1.37727201         -0.00011905         -0.00476197         -0.00192773         -0.88728826         -0.37421166          1.38561376
         -0.00033909          0.00459624          0.00569741         -0.00135627         -0.00651533         -0.00011905         -0.00045369          0.00070761         -0.00497919          0.00214809          0.00120929         -0.00059860
          0.00123985          0.00160219         -0.00063946          0.00065029          0.00132259         -0.00476197          0.00070761          0.00323704         -0.00144235         -0.00259888         -0.00616394          0.00684476
          0.00539711         -0.01121720         -0.00192775         -0.00539711          0.01121721         -0.00192773         -0.00497919         -0.00144235          0.00192655          0.00497919          0.00144235          0.00192655
          0.00169123         -0.02447992         -0.00327305          0.05743818          0.21618836         -0.88728826          0.00214809         -0.00259888          0.00497919         -0.06128191         -0.18911625          0.88558524
          0.01476704         -0.00024834         -0.01828215          0.17313369         -0.20492790         -0.37421166          0.00120929         -0.00616394          0.00144235         -0.18911625          0.21131914          0.39105627
          0.00651320          0.03691787          0.00645718         -0.89150175         -0.43482854          1.38561376         -0.00059860          0.00684476          0.00192655          0.88558524          0.39105627         -1.39399854
  
  
