          Numerical fourth derivative of energy in symmetry coordinates
          -------------------------------------------------------------



               Fourth derivative of energy in symmetry coordinates
               ---------------------------------------------------

      The fourth dimension   1
      ------------------------

        The third Dimension   1
   168.207893 14.016828-16.860752-16.320554 14.951206 15.870189
    14.016828 49.989293 14.180047 14.110783  0.193129-14.057609
   -16.860752 14.180047112.224430-15.872574 15.037121 15.830727
   -16.320554 14.110783-15.872574111.815336 14.905120 15.918602
    14.951206  0.193129 15.037121 14.905120167.123596-14.969395
    15.870189-14.057609 15.830727 15.918602-14.969395111.560814
    16.709313-13.969329 16.933492 16.229651-14.755768-16.026004
   -14.593125 15.464851-14.498443-14.445724 -0.239194 14.535097
   -14.459560-28.935173-16.918643-15.647113 15.082271 16.050640
    16.138835-14.155590 15.782918 15.989988-14.923069-15.898882
   -14.239784  0.615036-14.478335-14.412883 -0.055893 14.534185
    15.618294 15.408033 16.205377 15.427795-14.817662-16.156719
                              
    16.709313-14.593125-14.459560 16.138835-14.239784 15.618294
   -13.969329 15.464851-28.935173-14.155590  0.615036 15.408033
    16.933492-14.498443-16.918643 15.782918-14.478335 16.205377
    16.229651-14.445724-15.647113 15.989988-14.412883 15.427795
   -14.755768 -0.239194 15.082271-14.923069 -0.055893-14.817662
   -16.026004 14.535097 16.050640-15.898882 14.534185-16.156719
   111.850602 14.474755 14.528806-16.222693 14.510050-15.475697
    14.474755 48.780089-15.284144 14.538019 -0.248111 15.460597
    14.528806-15.284144170.399048 15.580449-15.706239-14.130509
   -16.222693 14.538019 15.580449111.768560 14.311083-15.588843
    14.510050 -0.248111-15.706239 14.311083 48.813857 15.678797
   -15.475697 15.460597-14.130509-15.588843 15.678797170.424101
                              
        The third Dimension   2
    14.016828 49.989293 14.180047 14.110783  0.193129-14.057609
    49.989293 -0.872387-16.720177-16.179705 29.878112 16.325899
    14.180047-16.720177 14.898405  3.063320  3.730040 -3.243672
    14.110783-16.179705  3.063320 14.105251  3.099754 -2.950523
     0.193129 29.878112  3.730040  3.099754 27.998848 -3.678972
   -14.057609 16.325899 -3.243672 -2.950523 -3.678972 14.306491
   -13.969329 16.701641 -3.211569 -3.058607 -3.486245  3.105315
    15.464851-13.544651 -3.087428 -3.676931 -3.770744  3.728356
   -28.935173  0.702344 -8.259443 -7.637968 -3.765879  7.806689
   -14.155590 16.650287 -3.121438 -3.167968 -3.515820  3.017800
     0.615036  1.354860 -3.574541 -3.493295 -3.650405  3.546057
    15.408033 16.332485  7.820185  7.619539  3.744831 -7.743098
                              
   -13.969329 15.464851-28.935173-14.155590  0.615036 15.408033
    16.701641-13.544651  0.702344 16.650287  1.354860 16.332485
    -3.211569 -3.087428 -8.259443 -3.121438 -3.574541  7.820185
    -3.058607 -3.676931 -7.637968 -3.167968 -3.493295  7.619539
    -3.486245 -3.770744 -3.765879 -3.515820 -3.650405  3.744831
     3.105315  3.728356  7.806689  3.017800  3.546057 -7.743098
    13.850727  3.560620  7.350475  3.131180  3.496653 -7.615475
     3.560620 12.576398  6.979140  3.637719 10.906430 -7.130313
     7.350475  6.979140 27.938469 11.380379  7.142009 -6.989332
     3.131180  3.637719 11.380379 14.131536  3.474825-11.342466
     3.496653 10.906430  7.142009  3.474825 -2.032689 -7.177151
    -7.615475 -7.130313 -6.989332-11.342466 -7.177151 13.766932
                              
        The third Dimension   3
   -16.860752 14.180047112.224430-15.872574 15.037121 15.830727
    14.180047-16.720177 14.898405  3.063320  3.730040 -3.243672
   112.224430 14.898405-11.840279-16.431121 15.044543 16.027699
   -15.872574  3.063320-16.431121-15.973706  7.413726  4.244161
    15.037121  3.730040 15.044543  7.413726 13.025006 -7.541742
    15.830727 -3.243672 16.027699  4.244161 -7.541742-16.207009
    16.933492 -3.211569 15.972250  0.441756 -7.441304 -4.202857
   -14.498443 -3.087428-15.393973 -7.154198 -0.281872  7.243441
   -16.918643 -8.259443-17.877267 -3.929575  0.007052  3.986126
    15.782918 -3.121438 16.432367  0.457418 -7.399595 -4.229716
   -14.478335 -3.574541-14.577849 -3.375624 -3.967555  3.524943
    16.205377  7.820185 15.777633  3.977845 -0.067713 -3.926102
                              
    16.933492-14.498443-16.918643 15.782918-14.478335 16.205377
    -3.211569 -3.087428 -8.259443 -3.121438 -3.574541  7.820185
    15.972250-15.393973-17.877267 16.432367-14.577849 15.777633
     0.441756 -7.154198 -3.929575  0.457418 -3.375624  3.977845
    -7.441304 -0.281872  0.007052 -7.399595 -3.967555 -0.067713
    -4.202857  7.243441  3.986126 -4.229716  3.524943 -3.926102
   -16.825651  3.570135  4.378121 -0.458216  3.397949 -3.966481
     3.570135-17.221915  0.639270  7.238648 -0.218956  0.020591
     4.378121  0.639270 15.723551  3.986607 -0.053507 -3.851332
    -0.458216  7.238648  3.986607-15.860658  3.402471 -4.034835
     3.397949 -0.218956 -0.053507  3.402471-16.786304 -0.499612
    -3.966481  0.020591 -3.851332 -4.034835 -0.499612 13.640097
                              
        The third Dimension   4
   -16.320554 14.110783-15.872574111.815336 14.905120 15.918602
    14.110783-16.179705  3.063320 14.105251  3.099754 -2.950523
   -15.872574  3.063320-16.431121-15.973706  7.413726  4.244161
   111.815336 14.105251-15.973706-16.393881 14.931600 15.845039
    14.905120  3.099754  7.413726 14.931600 12.935542 -7.388607
    15.918602 -2.950523  4.244161 15.845039 -7.388607-16.446170
    16.229651 -3.058607  0.441756 16.301517 -7.415646 -0.460154
   -14.445724 -3.676931 -7.154198-14.484451 -3.688558  3.443214
   -15.647113 -7.637968 -3.929575-15.408939  0.102029  3.957174
    15.989988 -3.167968  0.457418 16.220650 -7.354219 -0.441971
   -14.412883 -3.493295 -3.375624-14.307800 -3.658294  3.849149
    15.427795  7.619539  3.977845 15.573592 -0.093948 -3.899470
                              
    16.229651-14.445724-15.647113 15.989988-14.412883 15.427795
    -3.058607 -3.676931 -7.637968 -3.167968 -3.493295  7.619539
     0.441756 -7.154198 -3.929575  0.457418 -3.375624  3.977845
    16.301517-14.484451-15.408939 16.220650-14.307800 15.573592
    -7.415646 -3.688558  0.102029 -7.354219 -3.658294 -0.093948
    -0.460154  3.443214  3.957174 -0.441971  3.849149 -3.899470
   -16.230720  3.448954  3.777734 -0.347444  3.361769 -3.726715
     3.448954-17.064692  0.249801  3.485508  3.350123 -0.290964
     3.777734  0.249801 13.271773  3.763750  0.282330 -3.647990
    -0.347444  3.485508  3.763750-16.336129  3.350050 -3.751029
     3.361769  3.350123  0.282330  3.350050-17.126079 -0.251987
    -3.726715 -0.290964 -3.647990 -3.751029 -0.251987 13.303956
                              
        The third Dimension   5
    14.951206  0.193129 15.037121 14.905120167.123596-14.969395
     0.193129 29.878112  3.730040  3.099754 27.998848 -3.678972
    15.037121  3.730040 15.044543  7.413726 13.025006 -7.541742
    14.905120  3.099754  7.413726 14.931600 12.935542 -7.388607
   167.123596 27.998848 13.025006 12.935542 29.680839-13.114582
   -14.969395 -3.678972 -7.541742 -7.388607-13.114582 15.143503
   -14.755768 -3.486245 -7.441304 -7.415646-12.587775  7.471961
    -0.239194 -3.770744 -0.281872 -3.688558-29.097906  0.069981
    15.082271 -3.765879  0.007052  0.102029-15.493166 -0.117978
   -14.923069 -3.515820 -7.399595 -7.354219-12.562663  7.415729
    -0.055893 -3.650405 -3.967555 -3.658294-28.793895  3.737240
   -14.817662  3.744831 -0.067713 -0.093948 15.403924  3.812860
                              
   -14.755768 -0.239194 15.082271-14.923069 -0.055893-14.817662
    -3.486245 -3.770744 -3.765879 -3.515820 -3.650405  3.744831
    -7.441304 -0.281872  0.007052 -7.399595 -3.967555 -0.067713
    -7.415646 -3.688558  0.102029 -7.354219 -3.658294 -0.093948
   -12.587775-29.097906-15.493166-12.562663-28.793895 15.403924
     7.471961  0.069981 -0.117978  7.415729  3.737240  3.812860
    15.032040  3.705630 -0.050878  7.423002  3.584992  0.171829
     3.705630 29.768054  7.753434 -0.043316  7.649105 -7.719961
    -0.050878  7.753434 14.748638 -0.112629  7.526378-11.565057
     7.423002 -0.043316 -0.112629 14.913580  3.660597  0.218652
     3.584992  7.649105  7.526378  3.660597 29.754467 -7.649386
     0.171829 -7.719961-11.565057  0.218652 -7.649386 15.078825
                              
        The third Dimension   6
    15.870189-14.057609 15.830727 15.918602-14.969395111.560814
   -14.057609 16.325899 -3.243672 -2.950523 -3.678972 14.306491
    15.830727 -3.243672 16.027699  4.244161 -7.541742-16.207009
    15.918602 -2.950523  4.244161 15.845039 -7.388607-16.446170
   -14.969395 -3.678972 -7.541742 -7.388607-13.114582 15.143503
   111.560814 14.306491-16.207009-16.446170 15.143503 16.105256
   -16.026004  3.105315 -4.202857 -0.460154  7.471961 16.281755
    14.535097  3.728356  7.243441  3.443214  0.069981-14.724067
    16.050640  7.806689  3.986126  3.957174 -0.117978-15.772410
   -15.898882  3.017800 -4.229716 -0.441971  7.415729 16.375753
    14.534185  3.546057  3.524943  3.849149  3.737240-14.679416
   -16.156719 -7.743098 -3.926102 -3.899470  3.812860 15.786848
                              
   -16.026004 14.535097 16.050640-15.898882 14.534185-16.156719
     3.105315  3.728356  7.806689  3.017800  3.546057 -7.743098
    -4.202857  7.243441  3.986126 -4.229716  3.524943 -3.926102
    -0.460154  3.443214  3.957174 -0.441971  3.849149 -3.899470
     7.471961  0.069981 -0.117978  7.415729  3.737240  3.812860
    16.281755-14.724067-15.772410 16.375753-14.679416 15.786848
    15.839887 -3.463301 -3.922391  0.433332 -3.466110  3.944586
    -3.463301 16.677461  0.052468 -3.455514  0.235743 -0.064550
    -3.922391  0.052468-13.565092 -3.924764 -0.482045  3.900720
     0.433332 -3.455514 -3.924764 15.812293 -3.351066  3.936435
    -3.466110  0.235743 -0.482045 -3.351066 16.756307  0.319191
     3.944586 -0.064550  3.900720  3.936435  0.319191-13.552910
                              
        The third Dimension   7
    16.709313-13.969329 16.933492 16.229651-14.755768-16.026004
   -13.969329 16.701641 -3.211569 -3.058607 -3.486245  3.105315
    16.933492 -3.211569 15.972250  0.441756 -7.441304 -4.202857
    16.229651 -3.058607  0.441756 16.301517 -7.415646 -0.460154
   -14.755768 -3.486245 -7.441304 -7.415646-12.587775  7.471961
   -16.026004  3.105315 -4.202857 -0.460154  7.471961 16.281755
   111.850602 13.850727-16.825651-16.230720 15.032040 15.839887
    14.474755  3.560620  3.570135  3.448954  3.705630 -3.463301
    14.528806  7.350475  4.378121  3.777734 -0.050878 -3.922391
   -16.222693  3.131180 -0.458216 -0.347444  7.423002  0.433332
    14.510050  3.496653  3.397949  3.361769  3.584992 -3.466110
   -15.475697 -7.615475 -3.966481 -3.726715  0.171829  3.944586
                              
   111.850602 14.474755 14.528806-16.222693 14.510050-15.475697
    13.850727  3.560620  7.350475  3.131180  3.496653 -7.615475
   -16.825651  3.570135  4.378121 -0.458216  3.397949 -3.966481
   -16.230720  3.448954  3.777734 -0.347444  3.361769 -3.726715
    15.032040  3.705630 -0.050878  7.423002  3.584992  0.171829
    15.839887 -3.463301 -3.922391  0.433332 -3.466110  3.944586
    16.729602-14.402384-14.515836 16.200086-14.466112 15.670174
   -14.402384 17.170181 -0.542593 -3.491811 -3.332328  0.288259
   -14.515836 -0.542593-13.645664 -3.812885 -0.306001  3.735656
    16.200086 -3.491811 -3.812885 16.330038 -3.353440  3.781244
   -14.466112 -3.332328 -0.306001 -3.353440 17.183780  0.302415
    15.670174  0.288259  3.735656  3.781244  0.302415-13.313205
                              
        The third Dimension   8
   -14.593125 15.464851-14.498443-14.445724 -0.239194 14.535097
    15.464851-13.544651 -3.087428 -3.676931 -3.770744  3.728356
   -14.498443 -3.087428-15.393973 -7.154198 -0.281872  7.243441
   -14.445724 -3.676931 -7.154198-14.484451 -3.688558  3.443214
    -0.239194 -3.770744 -0.281872 -3.688558-29.097906  0.069981
    14.535097  3.728356  7.243441  3.443214  0.069981-14.724067
    14.474755  3.560620  3.570135  3.448954  3.705630 -3.463301
    48.780089 12.576398-17.221915-17.064692 29.768054 16.677461
   -15.284144  6.979140  0.639270  0.249801  7.753434  0.052468
    14.538019  3.637719  7.238648  3.485508 -0.043316 -3.455514
    -0.248111 10.906430 -0.218956  3.350123  7.649105  0.235743
    15.460597 -7.130313  0.020591 -0.290964 -7.719961 -0.064550
                              
    14.474755 48.780089-15.284144 14.538019 -0.248111 15.460597
     3.560620 12.576398  6.979140  3.637719 10.906430 -7.130313
     3.570135-17.221915  0.639270  7.238648 -0.218956  0.020591
     3.448954-17.064692  0.249801  3.485508  3.350123 -0.290964
     3.705630 29.768054  7.753434 -0.043316  7.649105 -7.719961
    -3.463301 16.677461  0.052468 -3.455514  0.235743 -0.064550
   -14.402384 17.170181 -0.542593 -3.491811 -3.332328  0.288259
    17.170181-28.798249-14.672867 17.063949-28.827960 15.287519
    -0.542593-14.672867-14.530850 -0.258856 -7.517175  7.633588
    -3.491811 17.063949 -0.258856-14.431818 -3.309292  0.376975
    -3.332328-28.827960 -7.517175 -3.309292-29.056668  7.548673
     0.288259 15.287519  7.633588  0.376975  7.548673-13.785775
                              
        The third Dimension   9
   -14.459560-28.935173-16.918643-15.647113 15.082271 16.050640
   -28.935173  0.702344 -8.259443 -7.637968 -3.765879  7.806689
   -16.918643 -8.259443-17.877267 -3.929575  0.007052  3.986126
   -15.647113 -7.637968 -3.929575-15.408939  0.102029  3.957174
    15.082271 -3.765879  0.007052  0.102029-15.493166 -0.117978
    16.050640  7.806689  3.986126  3.957174 -0.117978-15.772410
    14.528806  7.350475  4.378121  3.777734 -0.050878 -3.922391
   -15.284144  6.979140  0.639270  0.249801  7.753434  0.052468
   170.399048 27.938469 15.723551 13.271773 14.748638-13.565092
    15.580449 11.380379  3.986607  3.763750 -0.112629 -3.924764
   -15.706239  7.142009 -0.053507  0.282330  7.526378 -0.482045
   -14.130509 -6.989332 -3.851332 -3.647990-11.565057  3.900720
                              
    14.528806-15.284144170.399048 15.580449-15.706239-14.130509
     7.350475  6.979140 27.938469 11.380379  7.142009 -6.989332
     4.378121  0.639270 15.723551  3.986607 -0.053507 -3.851332
     3.777734  0.249801 13.271773  3.763750  0.282330 -3.647990
    -0.050878  7.753434 14.748638 -0.112629  7.526378-11.565057
    -3.922391  0.052468-13.565092 -3.924764 -0.482045  3.900720
   -14.515836 -0.542593-13.645664 -3.812885 -0.306001  3.735656
    -0.542593-14.672867-14.530850 -0.258856 -7.517175  7.633588
   -13.645664-14.530850-17.102229-13.324559-13.280044 14.646043
    -3.812885 -0.258856-13.324559-15.414371 -0.262225  3.638731
    -0.306001 -7.517175-13.280044 -0.262225-15.022945  7.640258
     3.735656  7.633588 14.646043  3.638731  7.640258-14.386501
                              
        The third Dimension  10
    16.138835-14.155590 15.782918 15.989988-14.923069-15.898882
   -14.155590 16.650287 -3.121438 -3.167968 -3.515820  3.017800
    15.782918 -3.121438 16.432367  0.457418 -7.399595 -4.229716
    15.989988 -3.167968  0.457418 16.220650 -7.354219 -0.441971
   -14.923069 -3.515820 -7.399595 -7.354219-12.562663  7.415729
   -15.898882  3.017800 -4.229716 -0.441971  7.415729 16.375753
   -16.222693  3.131180 -0.458216 -0.347444  7.423002  0.433332
    14.538019  3.637719  7.238648  3.485508 -0.043316 -3.455514
    15.580449 11.380379  3.986607  3.763750 -0.112629 -3.924764
   111.768560 14.131536-15.860658-16.336129 14.913580 15.812293
    14.311083  3.474825  3.402471  3.350050  3.660597 -3.351066
   -15.588843-11.342466 -4.034835 -3.751029  0.218652  3.936435
                              
   -16.222693 14.538019 15.580449111.768560 14.311083-15.588843
     3.131180  3.637719 11.380379 14.131536  3.474825-11.342466
    -0.458216  7.238648  3.986607-15.860658  3.402471 -4.034835
    -0.347444  3.485508  3.763750-16.336129  3.350050 -3.751029
     7.423002 -0.043316 -0.112629 14.913580  3.660597  0.218652
     0.433332 -3.455514 -3.924764 15.812293 -3.351066  3.936435
    16.200086 -3.491811 -3.812885 16.330038 -3.353440  3.781244
    -3.491811 17.063949 -0.258856-14.431818 -3.309292  0.376975
    -3.812885 -0.258856-13.324559-15.414371 -0.262225  3.638731
    16.330038-14.431818-15.414371 16.268324-14.349268 15.572135
    -3.353440 -3.309292 -0.262225-14.349268 17.079172  0.262845
     3.781244  0.376975  3.638731 15.572135  0.262845-13.354855
                              
        The third Dimension  11
   -14.239784  0.615036-14.478335-14.412883 -0.055893 14.534185
     0.615036  1.354860 -3.574541 -3.493295 -3.650405  3.546057
   -14.478335 -3.574541-14.577849 -3.375624 -3.967555  3.524943
   -14.412883 -3.493295 -3.375624-14.307800 -3.658294  3.849149
    -0.055893 -3.650405 -3.967555 -3.658294-28.793895  3.737240
    14.534185  3.546057  3.524943  3.849149  3.737240-14.679416
    14.510050  3.496653  3.397949  3.361769  3.584992 -3.466110
    -0.248111 10.906430 -0.218956  3.350123  7.649105  0.235743
   -15.706239  7.142009 -0.053507  0.282330  7.526378 -0.482045
    14.311083  3.474825  3.402471  3.350050  3.660597 -3.351066
    48.813857 -2.032689-16.786304-17.126079 29.754467 16.756307
    15.678797 -7.177151 -0.499612 -0.251987 -7.649386  0.319191
                              
    14.510050 -0.248111-15.706239 14.311083 48.813857 15.678797
     3.496653 10.906430  7.142009  3.474825 -2.032689 -7.177151
     3.397949 -0.218956 -0.053507  3.402471-16.786304 -0.499612
     3.361769  3.350123  0.282330  3.350050-17.126079 -0.251987
     3.584992  7.649105  7.526378  3.660597 29.754467 -7.649386
    -3.466110  0.235743 -0.482045 -3.351066 16.756307  0.319191
   -14.466112 -3.332328 -0.306001 -3.353440 17.183780  0.302415
    -3.332328-28.827960 -7.517175 -3.309292-29.056668  7.548673
    -0.306001 -7.517175-13.280044 -0.262225-15.022945  7.640258
    -3.353440 -3.309292 -0.262225-14.349268 17.079172  0.262845
    17.183780-29.056668-15.022945 17.079172-13.714661 15.192199
     0.302415  7.548673  7.640258  0.262845 15.192199-13.346992
                              
        The third Dimension  12
    15.618294 15.408033 16.205377 15.427795-14.817662-16.156719
    15.408033 16.332485  7.820185  7.619539  3.744831 -7.743098
    16.205377  7.820185 15.777633  3.977845 -0.067713 -3.926102
    15.427795  7.619539  3.977845 15.573592 -0.093948 -3.899470
   -14.817662  3.744831 -0.067713 -0.093948 15.403924  3.812860
   -16.156719 -7.743098 -3.926102 -3.899470  3.812860 15.786848
   -15.475697 -7.615475 -3.966481 -3.726715  0.171829  3.944586
    15.460597 -7.130313  0.020591 -0.290964 -7.719961 -0.064550
   -14.130509 -6.989332 -3.851332 -3.647990-11.565057  3.900720
   -15.588843-11.342466 -4.034835 -3.751029  0.218652  3.936435
    15.678797 -7.177151 -0.499612 -0.251987 -7.649386  0.319191
   170.424101 13.766932 13.640097 13.303956 15.078825-13.552910
                              
   -15.475697 15.460597-14.130509-15.588843 15.678797170.424101
    -7.615475 -7.130313 -6.989332-11.342466 -7.177151 13.766932
    -3.966481  0.020591 -3.851332 -4.034835 -0.499612 13.640097
    -3.726715 -0.290964 -3.647990 -3.751029 -0.251987 13.303956
     0.171829 -7.719961-11.565057  0.218652 -7.649386 15.078825
     3.944586 -0.064550  3.900720  3.936435  0.319191-13.552910
    15.670174  0.288259  3.735656  3.781244  0.302415-13.313205
     0.288259 15.287519  7.633588  0.376975  7.548673-13.785775
     3.735656  7.633588 14.646043  3.638731  7.640258-14.386501
     3.781244  0.376975  3.638731 15.572135  0.262845-13.354855
     0.302415  7.548673  7.640258  0.262845 15.192199-13.346992
   -13.313205-13.785775-14.386501-13.354855-13.346992 14.530421
                              
      The fourth dimension   2
      ------------------------

        The third Dimension   1
    14.016828 49.989293 14.180047 14.110783  0.193129-14.057609
    49.989293 -0.872387-16.720177-16.179705 29.878112 16.325899
    14.180047-16.720177 14.898405  3.063320  3.730040 -3.243672
    14.110783-16.179705  3.063320 14.105251  3.099754 -2.950523
     0.193129 29.878112  3.730040  3.099754 27.998848 -3.678972
   -14.057609 16.325899 -3.243672 -2.950523 -3.678972 14.306491
   -13.969329 16.701641 -3.211569 -3.058607 -3.486245  3.105315
    15.464851-13.544651 -3.087428 -3.676931 -3.770744  3.728356
   -28.935173  0.702344 -8.259443 -7.637968 -3.765879  7.806689
   -14.155590 16.650287 -3.121438 -3.167968 -3.515820  3.017800
     0.615036  1.354860 -3.574541 -3.493295 -3.650405  3.546057
    15.408033 16.332485  7.820185  7.619539  3.744831 -7.743098
                              
   -13.969329 15.464851-28.935173-14.155590  0.615036 15.408033
    16.701641-13.544651  0.702344 16.650287  1.354860 16.332485
    -3.211569 -3.087428 -8.259443 -3.121438 -3.574541  7.820185
    -3.058607 -3.676931 -7.637968 -3.167968 -3.493295  7.619539
    -3.486245 -3.770744 -3.765879 -3.515820 -3.650405  3.744831
     3.105315  3.728356  7.806689  3.017800  3.546057 -7.743098
    13.850727  3.560620  7.350475  3.131180  3.496653 -7.615475
     3.560620 12.576398  6.979140  3.637719 10.906430 -7.130313
     7.350475  6.979140 27.938469 11.380379  7.142009 -6.989332
     3.131180  3.637719 11.380379 14.131536  3.474825-11.342466
     3.496653 10.906430  7.142009  3.474825 -2.032689 -7.177151
    -7.615475 -7.130313 -6.989332-11.342466 -7.177151 13.766932
                              
        The third Dimension   2
    49.989293 -0.872387-16.720177-16.179705 29.878112 16.325899
    -0.872387107.683979 -3.144843 -0.450949 -2.200482  0.652668
   -16.720177 -3.144843 48.768499-16.577730 30.064217 16.731006
   -16.179705 -0.450949-16.577730 49.838408 29.760761 16.630087
    29.878112 -2.200482 30.064217 29.760761168.330510-29.992631
    16.325899  0.652668 16.731006 16.630087-29.992631 49.422343
    16.701641  0.824352 16.785916 16.695275-29.716749-16.466419
   -13.544651  0.479915-13.098096-13.985760 15.419020 13.808960
     0.702344-28.925600  0.655827 -1.245369 14.233982 15.166602
    16.650287  0.303952 16.429355 16.335328-29.760501-16.568129
     1.354860  0.688198-13.638387  1.433484 15.818661 -1.328277
    16.332485 29.691000 15.310454  1.025022-14.472289-15.484639
                              
    16.701641-13.544651  0.702344 16.650287  1.354860 16.332485
     0.824352  0.479915-28.925600  0.303952  0.688198 29.691000
    16.785916-13.098096  0.655827 16.429355-13.638387 15.310454
    16.695275-13.985760 -1.245369 16.335328  1.433484  1.025022
   -29.716749 15.419020 14.233982-29.760501 15.818661-14.472289
   -16.466419 13.808960 15.166602-16.568129 -1.328277-15.484639
    50.611052 13.601740 -0.714718-16.640207 -1.317704 -1.141860
    13.601740 47.099380-15.312509 13.985044-15.131570 14.675726
    -0.714718-15.312509107.442250  1.251469  0.060694-14.188289
   -16.640207 13.985044  1.251469 50.472099 -1.491026 -1.246134
    -1.317704-15.131570  0.060694 -1.491026 47.467489 -0.095181
    -1.141860 14.675726-14.188289 -1.246134 -0.095181108.496329
                              
        The third Dimension   3
    14.180047-16.720177 14.898405  3.063320  3.730040 -3.243672
   -16.720177 -3.144843 48.768499-16.577730 30.064217 16.731006
    14.898405 48.768499 15.432794 14.351767  0.068640-14.243047
     3.063320-16.577730 14.351767 13.940664  3.700184 -3.170612
     3.730040 30.064217  0.068640  3.700184 28.046205 -3.957474
    -3.243672 16.731006-14.243047 -3.170612 -3.957474 14.177069
    -3.211569 16.785916-14.970214 -3.078067 -3.738964  3.215781
    -3.087428-13.098096 15.967439 -3.772526 -4.041163  3.554416
    -8.259443  0.655827-30.424285 -7.830532 -4.043622 11.505291
    -3.121438 16.429355-14.310685 -3.073619 -3.725682  3.209903
    -3.574541-13.638387 15.298556 -3.673806 -3.919791  3.623433
     7.820185 15.310454 13.971458  7.699245  3.985356-11.472351
                              
    -3.211569 -3.087428 -8.259443 -3.121438 -3.574541  7.820185
    16.785916-13.098096  0.655827 16.429355-13.638387 15.310454
   -14.970214 15.967439-30.424285-14.310685 15.298556 13.971458
    -3.078067 -3.772526 -7.830532 -3.073619 -3.673806  7.699245
    -3.738964 -4.041163 -4.043622 -3.725682 -3.919791  3.985356
     3.215781  3.554416 11.505291  3.209903  3.623433-11.472351
    14.066254  3.052575  8.302512  3.101375  3.645082 -7.831296
     3.052575 12.299985  2.882243  3.794735 11.019397 -3.669865
     8.302512  2.882243 28.699871  7.823404  7.432797 -6.824992
     3.101375  3.794735  7.823404 14.032454  3.648437 -7.611602
     3.645082 11.019397  7.432797  3.648437 12.627887 -7.407524
    -7.831296 -3.669865 -6.824992 -7.611602 -7.407524 12.453090
                              
        The third Dimension   4
    14.110783-16.179705  3.063320 14.105251  3.099754 -2.950523
   -16.179705 -0.450949-16.577730 49.838408 29.760761 16.630087
     3.063320-16.577730 14.351767 13.940664  3.700184 -3.170612
    14.105251 49.838408 13.940664 14.231433  0.152988-13.921004
     3.099754 29.760761  3.700184  0.152988 28.166892 -3.720221
    -2.950523 16.630087 -3.170612-13.921004 -3.720221 14.362119
    -3.058607 16.695275 -3.078067-14.099803 -3.523094  2.994678
    -3.676931-13.985760 -3.772526 15.316036 -3.714823  3.675912
    -7.637968 -1.245369 -7.830532-30.413367 -7.487551  7.749971
    -3.167968 16.335328 -3.073619-14.207134 -3.887767  3.097693
    -3.493295  1.433484 -3.673806  0.584733 -3.731637  3.519371
     7.619539  1.025022  7.699245 30.432616  7.539512 -7.706994
                              
    -3.058607 -3.676931 -7.637968 -3.167968 -3.493295  7.619539
    16.695275-13.985760 -1.245369 16.335328  1.433484  1.025022
    -3.078067 -3.772526 -7.830532 -3.073619 -3.673806  7.699245
   -14.099803 15.316036-30.413367-14.207134  0.584733 30.432616
    -3.523094 -3.714823 -7.487551 -3.887767 -3.731637  7.539512
     2.994678  3.675912  7.749971  3.097693  3.519371 -7.706994
    14.093898  3.667544 11.372309  3.121643  3.523728-11.370453
     3.667544 13.070127  7.497979  3.627027 10.917217 -7.300817
    11.372309  7.497979 28.947406  7.264293  7.506888 -7.007457
     3.121643  3.627027  7.264293 14.295782  3.561542 -7.641835
     3.523728 10.917217  7.506888  3.561542 -1.952285 -7.116820
   -11.370453 -7.300817 -7.007457 -7.641835 -7.116820 28.851916
                              
        The third Dimension   5
     0.193129 29.878112  3.730040  3.099754 27.998848 -3.678972
    29.878112 -2.200482 30.064217 29.760761168.330510-29.992631
     3.730040 30.064217  0.068640  3.700184 28.046205 -3.957474
     3.099754 29.760761  3.700184  0.152988 28.166892 -3.720221
    27.998848168.330510 28.046205 28.166892 12.127101-28.033933
    -3.678972-29.992631 -3.957474 -3.720221-28.033933  0.105144
    -3.486245-29.716749 -3.738964 -3.523094-27.956236  3.609454
    -3.770744 15.419020 -4.041163 -3.714823-13.407664  3.981078
    -3.765879 14.233982 -4.043622 -7.487551-46.129066  4.006610
    -3.515820-29.760501 -3.725682 -3.887767-28.225097  3.741703
    -3.650405 15.818661 -3.919791 -3.731637-13.213050  3.979075
     3.744831-14.472289  3.985356  7.539512 46.133042 -4.075431
                              
    -3.486245 -3.770744 -3.765879 -3.515820 -3.650405  3.744831
   -29.716749 15.419020 14.233982-29.760501 15.818661-14.472289
    -3.738964 -4.041163 -4.043622 -3.725682 -3.919791  3.985356
    -3.523094 -3.714823 -7.487551 -3.887767 -3.731637  7.539512
   -27.956236-13.407664-46.129066-28.225097-13.213050 46.133042
     3.609454  3.981078  4.006610  3.741703  3.979075 -4.075431
    -0.227831  3.743573  7.552042  3.516320  3.660320 -7.501720
     3.743573 14.091500 11.197968  3.731388  7.218213-11.087436
     7.552042 11.197968 15.469390  7.446387 11.105212-11.786130
     3.516320  3.731388  7.446387 -0.280811  3.690748 -7.483987
     3.660320  7.218213 11.105212  3.690748 14.015613-11.148070
    -7.501720-11.087436-11.786130 -7.483987-11.148070 15.607682
                              
        The third Dimension   6
   -14.057609 16.325899 -3.243672 -2.950523 -3.678972 14.306491
    16.325899  0.652668 16.731006 16.630087-29.992631 49.422343
    -3.243672 16.731006-14.243047 -3.170612 -3.957474 14.177069
    -2.950523 16.630087 -3.170612-13.921004 -3.720221 14.362119
    -3.678972-29.992631 -3.957474 -3.720221-28.033933  0.105144
    14.306491 49.422343 14.177069 14.362119  0.105144-14.064923
     3.105315-16.466419  3.215781  2.994678  3.609454-14.262710
     3.728356 13.808960  3.554416  3.675912  3.981078 15.033609
     7.806689 15.166602 11.505291  7.749971  4.006610-14.154365
     3.017800-16.568129  3.209903  3.097693  3.741703-14.350240
     3.546057 -1.328277  3.623433  3.519371  3.979075  0.176375
    -7.743098-15.484639-11.472351 -7.706994 -4.075431 13.783519
                              
     3.105315  3.728356  7.806689  3.017800  3.546057 -7.743098
   -16.466419 13.808960 15.166602-16.568129 -1.328277-15.484639
     3.215781  3.554416 11.505291  3.209903  3.623433-11.472351
     2.994678  3.675912  7.749971  3.097693  3.519371 -7.706994
     3.609454  3.981078  4.006610  3.741703  3.979075 -4.075431
   -14.262710 15.033609-14.154365-14.350240  0.176375 13.783519
   -13.954815 -3.686749 -7.808557 -3.018999 -3.588029  7.650380
    -3.686749-12.968370 -3.689437 -3.686411 -7.389005  3.675822
    -7.808557 -3.689437-12.308119 -7.638075 -7.406763  7.018693
    -3.018999 -3.686411 -7.638075-13.996121 -3.543008  7.725716
    -3.588029 -7.389005 -7.406763 -3.543008  1.892179  7.451981
     7.650380  3.675822  7.018693  7.725716  7.451981-12.097043
                              
        The third Dimension   7
   -13.969329 16.701641 -3.211569 -3.058607 -3.486245  3.105315
    16.701641  0.824352 16.785916 16.695275-29.716749-16.466419
    -3.211569 16.785916-14.970214 -3.078067 -3.738964  3.215781
    -3.058607 16.695275 -3.078067-14.099803 -3.523094  2.994678
    -3.486245-29.716749 -3.738964 -3.523094-27.956236  3.609454
     3.105315-16.466419  3.215781  2.994678  3.609454-14.262710
    13.850727 50.611052 14.066254 14.093898 -0.227831-13.954815
     3.560620 13.601740  3.052575  3.667544  3.743573 -3.686749
     7.350475 -0.714718  8.302512 11.372309  7.552042 -7.808557
     3.131180-16.640207  3.101375  3.121643  3.516320 -3.018999
     3.496653 -1.317704  3.645082  3.523728  3.660320 -3.588029
    -7.615475 -1.141860 -7.831296-11.370453 -7.501720  7.650380
                              
    13.850727  3.560620  7.350475  3.131180  3.496653 -7.615475
    50.611052 13.601740 -0.714718-16.640207 -1.317704 -1.141860
    14.066254  3.052575  8.302512  3.101375  3.645082 -7.831296
    14.093898  3.667544 11.372309  3.121643  3.523728-11.370453
    -0.227831  3.743573  7.552042  3.516320  3.660320 -7.501720
   -13.954815 -3.686749 -7.808557 -3.018999 -3.588029  7.650380
   -13.877275 15.328157-28.982363-14.114313  0.584198 30.426644
    15.328157-12.631542 -7.152846 -3.640528-10.914678  7.107052
   -28.982363 -7.152846-28.003799 -7.636527 -7.179713  7.035823
   -14.114313 -3.640528 -7.636527-14.131675 -3.520974 11.370251
     0.584198-10.914678 -7.179713 -3.520974  1.958356  7.107461
    30.426644  7.107052  7.035823 11.370251  7.107461-28.775879
                              
        The third Dimension   8
    15.464851-13.544651 -3.087428 -3.676931 -3.770744  3.728356
   -13.544651  0.479915-13.098096-13.985760 15.419020 13.808960
    -3.087428-13.098096 15.967439 -3.772526 -4.041163  3.554416
    -3.676931-13.985760 -3.772526 15.316036 -3.714823  3.675912
    -3.770744 15.419020 -4.041163 -3.714823-13.407664  3.981078
     3.728356 13.808960  3.554416  3.675912  3.981078 15.033609
     3.560620 13.601740  3.052575  3.667544  3.743573 -3.686749
    12.576398 47.099380 12.299985 13.070127 14.091500-12.968370
     6.979140-15.312509  2.882243  7.497979 11.197968 -3.689437
     3.637719 13.985044  3.794735  3.627027  3.731388 -3.686411
    10.906430-15.131570 11.019397 10.917217  7.218213 -7.389005
    -7.130313 14.675726 -3.669865 -7.300817-11.087436  3.675822
                              
     3.560620 12.576398  6.979140  3.637719 10.906430 -7.130313
    13.601740 47.099380-15.312509 13.985044-15.131570 14.675726
     3.052575 12.299985  2.882243  3.794735 11.019397 -3.669865
     3.667544 13.070127  7.497979  3.627027 10.917217 -7.300817
     3.743573 14.091500 11.197968  3.731388  7.218213-11.087436
    -3.686749-12.968370 -3.689437 -3.686411 -7.389005  3.675822
    15.328157-12.631542 -7.152846 -3.640528-10.914678  7.107052
   -12.631542-14.795217-45.191774-13.013120-14.206432 45.815439
    -7.152846-45.191774-13.500479 -7.491566-10.835445 11.545560
    -3.640528-13.013120 -7.491566 15.330383-10.894398  7.511047
   -10.914678-14.206432-10.835445-10.894398-14.512520 10.844922
     7.107052 45.815439 11.545560  7.511047 10.844922-14.478833
                              
        The third Dimension   9
   -28.935173  0.702344 -8.259443 -7.637968 -3.765879  7.806689
     0.702344-28.925600  0.655827 -1.245369 14.233982 15.166602
    -8.259443  0.655827-30.424285 -7.830532 -4.043622 11.505291
    -7.637968 -1.245369 -7.830532-30.413367 -7.487551  7.749971
    -3.765879 14.233982 -4.043622 -7.487551-46.129066  4.006610
     7.806689 15.166602 11.505291  7.749971  4.006610-14.154365
     7.350475 -0.714718  8.302512 11.372309  7.552042 -7.808557
     6.979140-15.312509  2.882243  7.497979 11.197968 -3.689437
    27.938469107.442250 28.699871 28.947406 15.469390-12.308119
    11.380379  1.251469  7.823404  7.264293  7.446387 -7.638075
     7.142009  0.060694  7.432797  7.506888 11.105212 -7.406763
    -6.989332-14.188289 -6.824992 -7.007457-11.786130  7.018693
                              
     7.350475  6.979140 27.938469 11.380379  7.142009 -6.989332
    -0.714718-15.312509107.442250  1.251469  0.060694-14.188289
     8.302512  2.882243 28.699871  7.823404  7.432797 -6.824992
    11.372309  7.497979 28.947406  7.264293  7.506888 -7.007457
     7.552042 11.197968 15.469390  7.446387 11.105212-11.786130
    -7.808557 -3.689437-12.308119 -7.638075 -7.406763  7.018693
   -28.982363 -7.152846-28.003799 -7.636527 -7.179713  7.035823
    -7.152846-45.191774-13.500479 -7.491566-10.835445 11.545560
   -28.003799-13.500479-46.121587-28.929735-29.009061 44.895675
    -7.636527 -7.491566-28.929735-30.405388 -7.513129  6.965907
    -7.179713-10.835445-29.009061 -7.513129-30.604028 11.354377
     7.035823 11.545560 44.895675  6.965907 11.354377-44.867622
                              
        The third Dimension  10
   -14.155590 16.650287 -3.121438 -3.167968 -3.515820  3.017800
    16.650287  0.303952 16.429355 16.335328-29.760501-16.568129
    -3.121438 16.429355-14.310685 -3.073619 -3.725682  3.209903
    -3.167968 16.335328 -3.073619-14.207134 -3.887767  3.097693
    -3.515820-29.760501 -3.725682 -3.887767-28.225097  3.741703
     3.017800-16.568129  3.209903  3.097693  3.741703-14.350240
     3.131180-16.640207  3.101375  3.121643  3.516320 -3.018999
     3.637719 13.985044  3.794735  3.627027  3.731388 -3.686411
    11.380379  1.251469  7.823404  7.264293  7.446387 -7.638075
    14.131536 50.472099 14.032454 14.295782 -0.280811-13.996121
     3.474825 -1.491026  3.648437  3.561542  3.690748 -3.543008
   -11.342466 -1.246134 -7.611602 -7.641835 -7.483987  7.725716
                              
     3.131180  3.637719 11.380379 14.131536  3.474825-11.342466
   -16.640207 13.985044  1.251469 50.472099 -1.491026 -1.246134
     3.101375  3.794735  7.823404 14.032454  3.648437 -7.611602
     3.121643  3.627027  7.264293 14.295782  3.561542 -7.641835
     3.516320  3.731388  7.446387 -0.280811  3.690748 -7.483987
    -3.018999 -3.686411 -7.638075-13.996121 -3.543008  7.725716
   -14.114313 -3.640528 -7.636527-14.131675 -3.520974 11.370251
    -3.640528-13.013120 -7.491566 15.330383-10.894398  7.511047
    -7.636527 -7.491566-28.929735-30.405388 -7.513129  6.965907
   -14.131675 15.330383-30.405388-14.269830  0.583888 30.326346
    -3.520974-10.894398 -7.513129  0.583888  1.934950  7.140642
    11.370251  7.511047  6.965907 30.326346  7.140642-28.840532
                              
        The third Dimension  11
     0.615036  1.354860 -3.574541 -3.493295 -3.650405  3.546057
     1.354860  0.688198-13.638387  1.433484 15.818661 -1.328277
    -3.574541-13.638387 15.298556 -3.673806 -3.919791  3.623433
    -3.493295  1.433484 -3.673806  0.584733 -3.731637  3.519371
    -3.650405 15.818661 -3.919791 -3.731637-13.213050  3.979075
     3.546057 -1.328277  3.623433  3.519371  3.979075  0.176375
     3.496653 -1.317704  3.645082  3.523728  3.660320 -3.588029
    10.906430-15.131570 11.019397 10.917217  7.218213 -7.389005
     7.142009  0.060694  7.432797  7.506888 11.105212 -7.406763
     3.474825 -1.491026  3.648437  3.561542  3.690748 -3.543008
    -2.032689 47.467489 12.627887 -1.952285 14.015613  1.892179
    -7.177151 -0.095181 -7.407524 -7.116820-11.148070  7.451981
                              
     3.496653 10.906430  7.142009  3.474825 -2.032689 -7.177151
    -1.317704-15.131570  0.060694 -1.491026 47.467489 -0.095181
     3.645082 11.019397  7.432797  3.648437 12.627887 -7.407524
     3.523728 10.917217  7.506888  3.561542 -1.952285 -7.116820
     3.660320  7.218213 11.105212  3.690748 14.015613-11.148070
    -3.588029 -7.389005 -7.406763 -3.543008  1.892179  7.451981
     0.584198-10.914678 -7.179713 -3.520974  1.958356  7.107461
   -10.914678-14.206432-10.835445-10.894398-14.512520 10.844922
    -7.179713-10.835445-29.009061 -7.513129-30.604028 11.354377
    -3.520974-10.894398 -7.513129  0.583888  1.934950  7.140642
     1.958356-14.512520-30.604028  1.934950  0.756405 30.735078
     7.107461 10.844922 11.354377  7.140642 30.735078-29.078645
                              
        The third Dimension  12
    15.408033 16.332485  7.820185  7.619539  3.744831 -7.743098
    16.332485 29.691000 15.310454  1.025022-14.472289-15.484639
     7.820185 15.310454 13.971458  7.699245  3.985356-11.472351
     7.619539  1.025022  7.699245 30.432616  7.539512 -7.706994
     3.744831-14.472289  3.985356  7.539512 46.133042 -4.075431
    -7.743098-15.484639-11.472351 -7.706994 -4.075431 13.783519
    -7.615475 -1.141860 -7.831296-11.370453 -7.501720  7.650380
    -7.130313 14.675726 -3.669865 -7.300817-11.087436  3.675822
    -6.989332-14.188289 -6.824992 -7.007457-11.786130  7.018693
   -11.342466 -1.246134 -7.611602 -7.641835 -7.483987  7.725716
    -7.177151 -0.095181 -7.407524 -7.116820-11.148070  7.451981
    13.766932108.496329 12.453090 28.851916 15.607682-12.097043
                              
    -7.615475 -7.130313 -6.989332-11.342466 -7.177151 13.766932
    -1.141860 14.675726-14.188289 -1.246134 -0.095181108.496329
    -7.831296 -3.669865 -6.824992 -7.611602 -7.407524 12.453090
   -11.370453 -7.300817 -7.007457 -7.641835 -7.116820 28.851916
    -7.501720-11.087436-11.786130 -7.483987-11.148070 15.607682
     7.650380  3.675822  7.018693  7.725716  7.451981-12.097043
    30.426644  7.107052  7.035823 11.370251  7.107461-28.775879
     7.107052 45.815439 11.545560  7.511047 10.844922-14.478833
     7.035823 11.545560 44.895675  6.965907 11.354377-44.867622
    11.370251  7.511047  6.965907 30.326346  7.140642-28.840532
     7.107461 10.844922 11.354377  7.140642 30.735078-29.078645
   -28.775879-14.478833-44.867622-28.840532-29.078645 44.893634
                              
      The fourth dimension   3
      ------------------------

        The third Dimension   1
   -16.860752 14.180047112.224430-15.872574 15.037121 15.830727
    14.180047-16.720177 14.898405  3.063320  3.730040 -3.243672
   112.224430 14.898405-11.840279-16.431121 15.044543 16.027699
   -15.872574  3.063320-16.431121-15.973706  7.413726  4.244161
    15.037121  3.730040 15.044543  7.413726 13.025006 -7.541742
