  
          0.13370704          0.04012686          0.27076671         -0.04718811          0.00489602          0.00196097         -0.08745852         -0.02328664         -0.26773289          0.00093958         -0.02173624         -0.00499479
          0.04012686          0.47540653          0.07044112          0.00489602         -0.37827302          0.07866831         -0.04696902         -0.05885968         -0.12890214          0.00194615         -0.03827383         -0.02020729
          0.27076671          0.07044112          0.72849673         -0.00196097         -0.07866831         -0.11361200         -0.26580304         -0.04631523         -0.61699936         -0.00300271          0.05454242          0.00211463
         -0.04718811          0.00489602         -0.00196097          0.13370704          0.04012686         -0.27076671          0.00093958         -0.02173624          0.00499479         -0.08745852         -0.02328664          0.26773289
          0.00489602         -0.37827302         -0.07866831          0.04012686          0.47540653         -0.07044112          0.00194615         -0.03827383          0.02020729         -0.04696902         -0.05885968          0.12890214
          0.00196097          0.07866831         -0.11361200         -0.27076671         -0.07044112          0.72849673          0.00300271         -0.05454242          0.00211463          0.26580304          0.04631523         -0.61699936
         -0.08745852         -0.04696902         -0.26580304          0.00093958          0.00194615          0.00300271          0.08589655          0.04758965          0.26276921          0.00062239         -0.00256677          0.00003111
         -0.02328664         -0.05885968         -0.04631523         -0.02173624         -0.03827383         -0.05454242          0.04758965          0.09403320          0.10477624         -0.00256677          0.00310031         -0.00391860
         -0.26773289         -0.12890214         -0.61699936          0.00499479          0.02020729          0.00211463          0.26276921          0.10477624          0.60897828         -0.00003111          0.00391860          0.00590645
          0.00093958          0.00194615         -0.00300271         -0.08745852         -0.04696902          0.26580304          0.00062239         -0.00256677         -0.00003111          0.08589655          0.04758965         -0.26276921
         -0.02173624         -0.03827383          0.05454242         -0.02328664         -0.05885968          0.04631523         -0.00256677          0.00310031          0.00391860          0.04758965          0.09403320         -0.10477624
         -0.00499479         -0.02020729          0.00211463          0.26773289          0.12890214         -0.61699936          0.00003111         -0.00391860          0.00590645         -0.26276921         -0.10477624          0.60897828
  
