  
          0.43638542          0.79626013         -0.56014125         -0.52231472         -0.62777317          0.34140382         -0.00944671         -0.03600757          0.20636764          0.09438694         -0.13388670          0.01234763
          0.79626013          0.74749443         -0.11049548         -0.62665557         -0.38578507          0.23663117         -0.03035256         -0.03159708         -0.00258499         -0.14066578         -0.33079765         -0.12317565
         -0.56014125         -0.11049548         -0.02722236          0.33581647          0.23572024         -0.00063196          0.22624399         -0.01994557          0.03721149         -0.00194383         -0.10490435         -0.00822650
         -0.52231472         -0.62665557          0.33581647          0.51811924          0.60519846         -0.31863495          0.00098867          0.00602658         -0.00891775          0.00319447          0.01541537         -0.00826135
         -0.62777317         -0.38578507          0.23572024          0.60519846          0.35689603         -0.23623929          0.01736939          0.00890246         -0.00812875          0.00519435          0.01997494          0.00864964
          0.34140382          0.23663117         -0.00063196         -0.31863495         -0.23623929         -0.01069805         -0.00631077          0.00480722          0.01008590         -0.01645394         -0.00519571          0.00124442
         -0.00944671         -0.03035256          0.22624399          0.00098867          0.01736939         -0.00631077          0.00361302          0.01423574         -0.20435533          0.00484446         -0.00125403         -0.01557295
         -0.03600757         -0.03159708         -0.01994557          0.00602658          0.00890246          0.00480722          0.01423574          0.01918657          0.01176377          0.01574493          0.00350795          0.00337402
          0.20636764         -0.00258499          0.03721149         -0.00891775         -0.00812875          0.01008590         -0.20435533          0.01176377         -0.04668166          0.00690871         -0.00104914         -0.00061215
          0.09438694         -0.14066578         -0.00194383          0.00319447          0.00519435         -0.01645394          0.00484446          0.01574493          0.00690871         -0.10242595          0.11972877          0.01148813
         -0.13388670         -0.33079765         -0.10490435          0.01541537          0.01997494         -0.00519571         -0.00125403          0.00350795         -0.00104914          0.11972877          0.30730335          0.11114934
          0.01234763         -0.12317565         -0.00822650         -0.00826135          0.00864964          0.00124442         -0.01557295          0.00337402         -0.00061215          0.01148813          0.11114934          0.00759560
  
          0.79626013          0.74749443         -0.11049548         -0.62665557         -0.38578507          0.23663117         -0.03035256         -0.03159708         -0.00258499         -0.14066578         -0.33079765         -0.12317565
          0.74749443         -1.25645961         -0.80114616         -0.39459708         -0.01599809          0.13639485         -0.01703090          0.04628774          0.20071810         -0.33654356          1.22778306          0.46546367
         -0.11049548         -0.80114616          0.01182332          0.26442664          0.14112497          0.01147207         -0.01992849          0.18258715         -0.01443999         -0.13360146          0.47891718         -0.00801624
         -0.62665557         -0.39459708          0.26442664          0.61849796          0.37520370         -0.24982143          0.00549828          0.02112690         -0.01835456          0.00264353         -0.00173918          0.00376251
         -0.38578507         -0.01599809          0.14112497          0.37520370          0.03470357         -0.12528812          0.00834096         -0.00705917         -0.00312679          0.00222983         -0.01164077         -0.01267711
          0.23663117          0.13639485          0.01147207         -0.24982143         -0.12528812         -0.02295368          0.01350209         -0.00662728          0.01193526         -0.00030846         -0.00448459         -0.00048323
         -0.03035256         -0.01703090         -0.01992849          0.00549828          0.00834096          0.01350209          0.00909679          0.00595273          0.01176378          0.01575595          0.00273706         -0.00532083
         -0.03159708          0.04628774          0.18258715          0.02112690         -0.00705917         -0.00662728          0.00595273         -0.01794994         -0.17862950          0.00451721         -0.02127939          0.00263582
         -0.00258499          0.20071810         -0.01443999         -0.01835456         -0.00312679          0.01193526          0.01176378         -0.17862950          0.01812426          0.00917659         -0.01895324         -0.01561391
         -0.14066578         -0.33654356         -0.13360146          0.00264353          0.00222983         -0.00030846          0.01575595          0.00451721          0.00917659          0.12226891          0.32978899          0.12473121
         -0.33079765          1.22778306          0.47891718         -0.00173918         -0.01164077         -0.00448459          0.00273706         -0.02127939         -0.01895324          0.32978899         -1.19481143         -0.45540247
         -0.12317565          0.46546367         -0.00801624          0.00376251         -0.01267711         -0.00048323         -0.00532083          0.00263582         -0.01561391          0.12473121         -0.45540247          0.02416129
  
         -0.56014125         -0.11049548         -0.02722236          0.33581647          0.23572024         -0.00063196          0.22624399         -0.01994557          0.03721149         -0.00194383         -0.10490435         -0.00822650
         -0.11049548         -0.80114616          0.01182332          0.26442664          0.14112497          0.01147207         -0.01992849          0.18258715         -0.01443999         -0.13360146          0.47891718         -0.00801624
         -0.02722236          0.01182332          1.88096954          0.00723374          0.01117351         -0.16208082          0.02334671         -0.00906299         -1.55917303         -0.00225126         -0.01304928         -0.16207706
          0.33581647          0.26442664          0.00723374         -0.32751420         -0.25374139         -0.00620019         -0.00056161          0.01054354         -0.01211545         -0.00773852         -0.02121565          0.01108767
          0.23572024          0.14112497          0.01117351         -0.25374139         -0.12053556         -0.01016887          0.00477566         -0.00410431         -0.00320107          0.01324737         -0.01645123          0.00217518
         -0.00063196          0.01147207         -0.16208082         -0.00620019         -0.01016887          0.12658679          0.00011865          0.00775568          0.02148357          0.00671411         -0.00908764          0.01401025
          0.22624399         -0.01992849          0.02334671         -0.00056161          0.00477566          0.00011865         -0.21587445          0.01473211         -0.01831223         -0.00980411          0.00043713         -0.00514655
         -0.01994557          0.18258715         -0.00906299          0.01054354         -0.00410431          0.00775568          0.01473211         -0.18365580          0.00710773         -0.00533069          0.00513844         -0.00580351
          0.03721149         -0.01443999         -1.55917303         -0.01211545         -0.00320107          0.02148357         -0.01831223          0.00710773          1.51619278         -0.00678001          0.01053836          0.02148362
         -0.00194383         -0.13360146         -0.00225126         -0.00773852          0.01324737          0.00671411         -0.00980411         -0.00533069         -0.00678001          0.01948648          0.12568402          0.00228672
         -0.10490435          0.47891718         -0.01304928         -0.02121565         -0.01645123         -0.00908764          0.00043713          0.00513844          0.01053836          0.12568402         -0.46753027          0.01169213
         -0.00822650         -0.00801624         -0.16207706          0.01108767          0.00217518          0.01401025         -0.00514655         -0.00580351          0.02148362          0.00228672          0.01169213          0.12658701
  
         -0.52231472         -0.62665557          0.33581647          0.51811924          0.60519846         -0.31863495          0.00098867          0.00602658         -0.00891775          0.00319447          0.01541537         -0.00826135
         -0.62665557         -0.39459708          0.26442664          0.61849796          0.37520370         -0.24982143          0.00549828          0.02112690         -0.01835456          0.00264353         -0.00173918          0.00376251
          0.33581647          0.26442664          0.00723374         -0.32751420         -0.25374139         -0.00620019         -0.00056161          0.01054354         -0.01211545         -0.00773852         -0.02121565          0.01108767
          0.51811924          0.61849796         -0.32751420         -0.50158786         -0.59847248          0.31618631         -0.00696662         -0.00455879          0.00409805         -0.00956353         -0.01546714          0.00722874
          0.60519846          0.37520370         -0.25374139         -0.59847248         -0.37626480          0.25633241         -0.00485542         -0.00723889          0.00545196         -0.00187029          0.00830061         -0.00804415
         -0.31863495         -0.24982143         -0.00620019          0.31618631          0.25633241         -0.00266230         -0.00475028         -0.01777555          0.01332200          0.00719807          0.01126333         -0.00445914
          0.00098867          0.00549828         -0.00056161         -0.00696662         -0.00485542         -0.00475028          0.00806716         -0.00212489          0.00687040         -0.00208913          0.00148202         -0.00155842
          0.00602658          0.02112690          0.01054354         -0.00455879         -0.00723889         -0.01777555         -0.00212489         -0.01314393          0.00917615          0.00065708         -0.00074405         -0.00194415
         -0.00891775         -0.01835456         -0.01211545          0.00409805          0.00545196          0.01332200          0.00687040          0.00917615         -0.00126495         -0.00205052          0.00372653          0.00005851
          0.00319447          0.00264353         -0.00773852         -0.00956353         -0.00187029          0.00719807         -0.00208913          0.00065708         -0.00205052          0.00845821         -0.00143037          0.00259100
          0.01541537         -0.00173918         -0.02121565         -0.01546714          0.00830061          0.01126333          0.00148202         -0.00074405          0.00372653         -0.00143037         -0.00581742          0.00622574
         -0.00826135          0.00376251          0.01108767          0.00722874         -0.00804415         -0.00445914         -0.00155842         -0.00194415          0.00005851          0.00259100          0.00622574         -0.00668709
  
         -0.62777317         -0.38578507          0.23572024          0.60519846          0.35689603         -0.23623929          0.01736939          0.00890246         -0.00812875          0.00519435          0.01997494          0.00864964
         -0.38578507         -0.01599809          0.14112497          0.37520370          0.03470357         -0.12528812          0.00834096         -0.00705917         -0.00312679          0.00222983         -0.01164077         -0.01267711
          0.23572024          0.14112497          0.01117351         -0.25374139         -0.12053556         -0.01016887          0.00477566         -0.00410431         -0.00320107          0.01324737         -0.01645123          0.00217518
          0.60519846          0.37520370         -0.25374139         -0.59847248         -0.37626480          0.25633241         -0.00485542         -0.00723889          0.00545196         -0.00187029          0.00830061         -0.00804415
          0.35689603          0.03470357         -0.12053556         -0.37626480         -0.06349755          0.11850576         -0.00808819         -0.00232466          0.00318342          0.02745655          0.03111936         -0.00115401
         -0.23623929         -0.12528812         -0.01016887          0.25633241          0.11850576          0.01195734         -0.01708050          0.00067805          0.00649457         -0.00301385          0.00610304         -0.00828261
          0.01736939          0.00834096          0.00477566         -0.00485542         -0.00808819         -0.01708050         -0.01351440         -0.00110653          0.00485901          0.00100042          0.00085376          0.00744582
          0.00890246         -0.00705917         -0.00410431         -0.00723889         -0.00232466          0.00067805         -0.00110653          0.00956115          0.00030535         -0.00055701         -0.00017735          0.00312090
         -0.00812875         -0.00312679         -0.00320107          0.00545196          0.00318342          0.00649457          0.00485901          0.00030535         -0.00087821         -0.00218214         -0.00036184         -0.00241519
          0.00519435          0.00222983          0.01324737         -0.00187029          0.02745655         -0.00301385          0.00100042         -0.00055701         -0.00218214         -0.00432451         -0.02912944         -0.00805131
          0.01997494         -0.01164077         -0.01645123          0.00830061          0.03111936          0.00610304          0.00085376         -0.00017735         -0.00036184         -0.02912944         -0.01930118          0.01071023
          0.00864964         -0.01267711          0.00217518         -0.00804415         -0.00115401         -0.00828261          0.00744582          0.00312090         -0.00241519         -0.00805131          0.01071023          0.00852247
  
          0.34140382          0.23663117         -0.00063196         -0.31863495         -0.23623929         -0.01069805         -0.00631077          0.00480722          0.01008590         -0.01645394         -0.00519571          0.00124442
          0.23663117          0.13639485          0.01147207         -0.24982143         -0.12528812         -0.02295368          0.01350209         -0.00662728          0.01193526         -0.00030846         -0.00448459         -0.00048323
         -0.00063196          0.01147207         -0.16208082         -0.00620019         -0.01016887          0.12658679          0.00011865          0.00775568          0.02148357          0.00671411         -0.00908764          0.01401025
         -0.31863495         -0.24982143         -0.00620019          0.31618631          0.25633241         -0.00266230         -0.00475028         -0.01777555          0.01332200          0.00719807          0.01126333         -0.00445914
         -0.23623929         -0.12528812         -0.01016887          0.25633241          0.11850576          0.01195734         -0.01708050          0.00067805          0.00649457         -0.00301385          0.00610304         -0.00828261
         -0.01069805         -0.02295368          0.12658679         -0.00266230          0.01195734         -0.10135621          0.02404670          0.01277236         -0.01864854         -0.01068625         -0.00177621         -0.00658136
         -0.00631077          0.01350209          0.00011865         -0.00475028         -0.01708050          0.02404670          0.01322820          0.00618809         -0.02508097         -0.00216715         -0.00260973          0.00091561
          0.00480722         -0.00662728          0.00775568         -0.01777555          0.00067805          0.01277236          0.00618809          0.00221971         -0.02017270          0.00678022          0.00372962         -0.00035554
          0.01008590          0.01193526          0.02148357          0.01332200          0.00649457         -0.01864854         -0.02508097         -0.02017270         -0.00198748          0.00167313          0.00174277         -0.00084756
         -0.01645394         -0.00030846          0.00671411          0.00719807         -0.00301385         -0.01068625         -0.00216715          0.00678022          0.00167313          0.01142301         -0.00345786          0.00229914
         -0.00519571         -0.00448459         -0.00908764          0.01126333          0.00610304         -0.00177621         -0.00260973          0.00372962          0.00174277         -0.00345786         -0.00534808          0.00912133
          0.00124442         -0.00048323          0.01401025         -0.00445914         -0.00828261         -0.00658136          0.00091561         -0.00035554         -0.00084756          0.00229914          0.00912133         -0.00658144
  
         -0.00944671         -0.03035256          0.22624399          0.00098867          0.01736939         -0.00631077          0.00361302          0.01423574         -0.20435533          0.00484446         -0.00125403         -0.01557295
         -0.03035256         -0.01703090         -0.01992849          0.00549828          0.00834096          0.01350209          0.00909679          0.00595273          0.01176378          0.01575595          0.00273706         -0.00532083
          0.22624399         -0.01992849          0.02334671         -0.00056161          0.00477566          0.00011865         -0.21587445          0.01473211         -0.01831223         -0.00980411          0.00043713         -0.00514655
          0.00098867          0.00549828         -0.00056161         -0.00696662         -0.00485542         -0.00475028          0.00806716         -0.00212489          0.00687040         -0.00208913          0.00148202         -0.00155842
          0.01736939          0.00834096          0.00477566         -0.00485542         -0.00808819         -0.01708050         -0.01351440         -0.00110653          0.00485901          0.00100042          0.00085376          0.00744582
         -0.00631077          0.01350209          0.00011865         -0.00475028         -0.01708050          0.02404670          0.01322820          0.00618809         -0.02508097         -0.00216715         -0.00260973          0.00091561
          0.00361302          0.00909679         -0.21587445          0.00806716         -0.01351440          0.01322820         -0.01334933          0.00336673          0.20059376          0.00166992          0.00105094          0.00205062
          0.01423574          0.00595273          0.01473211         -0.00212489         -0.00110653          0.00618809          0.00336673         -0.00329507         -0.01489163         -0.01547746         -0.00155194         -0.00603373
         -0.20435533          0.01176378         -0.01831223          0.00687040          0.00485901         -0.02508097          0.20059376         -0.01489163          0.04828717         -0.00310950         -0.00173620         -0.00489425
          0.00484446          0.01575595         -0.00980411         -0.00208913          0.00100042         -0.00216715          0.00166992         -0.01547746         -0.00310950         -0.00442524         -0.00127891          0.01508081
         -0.00125403          0.00273706          0.00043713          0.00148202          0.00085376         -0.00260973          0.00105094         -0.00155194         -0.00173620         -0.00127891         -0.00203885          0.00390878
         -0.01557295         -0.00532083         -0.00514655         -0.00155842          0.00744582          0.00091561          0.00205062         -0.00603373         -0.00489425          0.01508081          0.00390878          0.00912524
  
         -0.03600757         -0.03159708         -0.01994557          0.00602658          0.00890246          0.00480722          0.01423574          0.01918657          0.01176377          0.01574493          0.00350795          0.00337402
         -0.03159708          0.04628774          0.18258715          0.02112690         -0.00705917         -0.00662728          0.00595273         -0.01794994         -0.17862950          0.00451721         -0.02127939          0.00263582
         -0.01994557          0.18258715         -0.00906299          0.01054354         -0.00410431          0.00775568          0.01473211         -0.18365580          0.00710773         -0.00533069          0.00513844         -0.00580351
          0.00602658          0.02112690          0.01054354         -0.00455879         -0.00723889         -0.01777555         -0.00212489         -0.01314393          0.00917615          0.00065708         -0.00074405         -0.00194415
          0.00890246         -0.00705917         -0.00410431         -0.00723889         -0.00232466          0.00067805         -0.00110653          0.00956115          0.00030535         -0.00055701         -0.00017735          0.00312090
          0.00480722         -0.00662728          0.00775568         -0.01777555          0.00067805          0.01277236          0.00618809          0.00221971         -0.02017270          0.00678022          0.00372962         -0.00035554
          0.01423574          0.00595273          0.01473211         -0.00212489         -0.00110653          0.00618809          0.00336673         -0.00329507         -0.01489163         -0.01547746         -0.00155194         -0.00603373
          0.01918657         -0.01794994         -0.18365580         -0.01314393          0.00956115          0.00221971         -0.00329507          0.00309596          0.16803815         -0.00274829          0.00529249          0.01339667
          0.01176377         -0.17862950          0.00710773          0.00917615          0.00030535         -0.02017270         -0.01489163          0.16803815         -0.01874766         -0.00605337          0.01028533          0.03181276
          0.01574493          0.00451721         -0.00533069          0.00065708         -0.00055701          0.00678022         -0.01547746         -0.00274829         -0.00605337         -0.00092458         -0.00121196          0.00460380
          0.00350795         -0.02127939          0.00513844         -0.00074405         -0.00017735          0.00372962         -0.00155194          0.00529249          0.01028533         -0.00121196          0.01616440         -0.01915327
          0.00337402          0.00263582         -0.00580351         -0.00194415          0.00312090         -0.00035554         -0.00603373          0.01339667          0.03181276          0.00460380         -0.01915327         -0.02565326
  
          0.20636764         -0.00258499          0.03721149         -0.00891775         -0.00812875          0.01008590         -0.20435533          0.01176377         -0.04668166          0.00690871         -0.00104914         -0.00061215
         -0.00258499          0.20071810         -0.01443999         -0.01835456         -0.00312679          0.01193526          0.01176378         -0.17862950          0.01812426          0.00917659         -0.01895324         -0.01561391
          0.03721149         -0.01443999         -1.55917303         -0.01211545         -0.00320107          0.02148357         -0.01831223          0.00710773          1.51619278         -0.00678001          0.01053836          0.02148362
         -0.00891775         -0.01835456         -0.01211545          0.00409805          0.00545196          0.01332200          0.00687040          0.00917615         -0.00126495         -0.00205052          0.00372653          0.00005851
         -0.00812875         -0.00312679         -0.00320107          0.00545196          0.00318342          0.00649457          0.00485901          0.00030535         -0.00087821         -0.00218214         -0.00036184         -0.00241519
          0.01008590          0.01193526          0.02148357          0.01332200          0.00649457         -0.01864854         -0.02508097         -0.02017270         -0.00198748          0.00167313          0.00174277         -0.00084756
         -0.20435533          0.01176378         -0.01831223          0.00687040          0.00485901         -0.02508097          0.20059376         -0.01489163          0.04828717         -0.00310950         -0.00173620         -0.00489425
          0.01176377         -0.17862950          0.00710773          0.00917615          0.00030535         -0.02017270         -0.01489163          0.16803815         -0.01874766         -0.00605337          0.01028533          0.03181276
         -0.04668166          0.01812426          1.51619278         -0.00126495         -0.00087821         -0.00198748          0.04828717         -0.01874766         -1.51221239         -0.00034083          0.00150187         -0.00198742
          0.00690871          0.00917659         -0.00678001         -0.00205052         -0.00218214          0.00167313         -0.00310950         -0.00605337         -0.00034083         -0.00174869         -0.00094117          0.00544788
         -0.00104914         -0.01895324          0.01053836          0.00372653         -0.00036184          0.00174277         -0.00173620          0.01028533          0.00150187         -0.00094117          0.00903021         -0.01378349
         -0.00061215         -0.01561391          0.02148362          0.00005851         -0.00241519         -0.00084756         -0.00489425          0.03181276         -0.00198742          0.00544788         -0.01378349         -0.01864851
  
          0.09438694         -0.14066578         -0.00194383          0.00319447          0.00519435         -0.01645394          0.00484446          0.01574493          0.00690871         -0.10242595          0.11972877          0.01148813
         -0.14066578         -0.33654356         -0.13360146          0.00264353          0.00222983         -0.00030846          0.01575595          0.00451721          0.00917659          0.12226891          0.32978899          0.12473121
         -0.00194383         -0.13360146         -0.00225126         -0.00773852          0.01324737          0.00671411         -0.00980411         -0.00533069         -0.00678001          0.01948648          0.12568402          0.00228672
          0.00319447          0.00264353         -0.00773852         -0.00956353         -0.00187029          0.00719807         -0.00208913          0.00065708         -0.00205052          0.00845821         -0.00143037          0.00259100
          0.00519435          0.00222983          0.01324737         -0.00187029          0.02745655         -0.00301385          0.00100042         -0.00055701         -0.00218214         -0.00432451         -0.02912944         -0.00805131
         -0.01645394         -0.00030846          0.00671411          0.00719807         -0.00301385         -0.01068625         -0.00216715          0.00678022          0.00167313          0.01142301         -0.00345786          0.00229914
          0.00484446          0.01575595         -0.00980411         -0.00208913          0.00100042         -0.00216715          0.00166992         -0.01547746         -0.00310950         -0.00442524         -0.00127891          0.01508081
          0.01574493          0.00451721         -0.00533069          0.00065708         -0.00055701          0.00678022         -0.01547746         -0.00274829         -0.00605337         -0.00092458         -0.00121196          0.00460380
          0.00690871          0.00917659         -0.00678001         -0.00205052         -0.00218214          0.00167313         -0.00310950         -0.00605337         -0.00034083         -0.00174869         -0.00094117          0.00544788
         -0.10242595          0.12226891          0.01948648          0.00845821         -0.00432451          0.01142301         -0.00442524         -0.00092458         -0.00174869          0.09839251         -0.11701830         -0.02916004
          0.11972877          0.32978899          0.12568402         -0.00143037         -0.02912944         -0.00345786         -0.00127891         -0.00121196         -0.00094117         -0.11701830         -0.29944612         -0.12128330
          0.01148813          0.12473121          0.00228672          0.00259100         -0.00805131          0.00229914          0.01508081          0.00460380          0.00544788         -0.02916004         -0.12128330         -0.01003398
  
         -0.13388670         -0.33079765         -0.10490435          0.01541537          0.01997494         -0.00519571         -0.00125403          0.00350795         -0.00104914          0.11972877          0.30730335          0.11114934
         -0.33079765          1.22778306          0.47891718         -0.00173918         -0.01164077         -0.00448459          0.00273706         -0.02127939         -0.01895324          0.32978899         -1.19481143         -0.45540247
         -0.10490435          0.47891718         -0.01304928         -0.02121565         -0.01645123         -0.00908764          0.00043713          0.00513844          0.01053836          0.12568402         -0.46753027          0.01169213
          0.01541537         -0.00173918         -0.02121565         -0.01546714          0.00830061          0.01126333          0.00148202         -0.00074405          0.00372653         -0.00143037         -0.00581742          0.00622574
          0.01997494         -0.01164077         -0.01645123          0.00830061          0.03111936          0.00610304          0.00085376         -0.00017735         -0.00036184         -0.02912944         -0.01930118          0.01071023
         -0.00519571         -0.00448459         -0.00908764          0.01126333          0.00610304         -0.00177621         -0.00260973          0.00372962          0.00174277         -0.00345786         -0.00534808          0.00912133
         -0.00125403          0.00273706          0.00043713          0.00148202          0.00085376         -0.00260973          0.00105094         -0.00155194         -0.00173620         -0.00127891         -0.00203885          0.00390878
          0.00350795         -0.02127939          0.00513844         -0.00074405         -0.00017735          0.00372962         -0.00155194          0.00529249          0.01028533         -0.00121196          0.01616440         -0.01915327
         -0.00104914         -0.01895324          0.01053836          0.00372653         -0.00036184          0.00174277         -0.00173620          0.01028533          0.00150187         -0.00094117          0.00903021         -0.01378349
          0.11972877          0.32978899          0.12568402         -0.00143037         -0.02912944         -0.00345786         -0.00127891         -0.00121196         -0.00094117         -0.11701830         -0.29944612         -0.12128330
          0.30730335         -1.19481143         -0.46753027         -0.00581742         -0.01930118         -0.00534808         -0.00203885          0.01616440          0.00903021         -0.29944612          1.19794458          0.46384391
          0.11114934         -0.45540247          0.01169213          0.00622574          0.01071023          0.00912133          0.00390878         -0.01915327         -0.01378349         -0.12128330          0.46384391         -0.00703012
  
          0.01234763         -0.12317565         -0.00822650         -0.00826135          0.00864964          0.00124442         -0.01557295          0.00337402         -0.00061215          0.01148813          0.11114934          0.00759560
         -0.12317565          0.46546367         -0.00801624          0.00376251         -0.01267711         -0.00048323         -0.00532083          0.00263582         -0.01561391          0.12473121         -0.45540247          0.02416129
         -0.00822650         -0.00801624         -0.16207706          0.01108767          0.00217518          0.01401025         -0.00514655         -0.00580351          0.02148362          0.00228672          0.01169213          0.12658701
         -0.00826135          0.00376251          0.01108767          0.00722874         -0.00804415         -0.00445914         -0.00155842         -0.00194415          0.00005851          0.00259100          0.00622574         -0.00668709
          0.00864964         -0.01267711          0.00217518         -0.00804415         -0.00115401         -0.00828261          0.00744582          0.00312090         -0.00241519         -0.00805131          0.01071023          0.00852247
          0.00124442         -0.00048323          0.01401025         -0.00445914         -0.00828261         -0.00658136          0.00091561         -0.00035554         -0.00084756          0.00229914          0.00912133         -0.00658144
         -0.01557295         -0.00532083         -0.00514655         -0.00155842          0.00744582          0.00091561          0.00205062         -0.00603373         -0.00489425          0.01508081          0.00390878          0.00912524
          0.00337402          0.00263582         -0.00580351         -0.00194415          0.00312090         -0.00035554         -0.00603373          0.01339667          0.03181276          0.00460380         -0.01915327         -0.02565326
         -0.00061215         -0.01561391          0.02148362          0.00005851         -0.00241519         -0.00084756         -0.00489425          0.03181276         -0.00198742          0.00544788         -0.01378349         -0.01864851
          0.01148813          0.12473121          0.00228672          0.00259100         -0.00805131          0.00229914          0.01508081          0.00460380          0.00544788         -0.02916004         -0.12128330         -0.01003398
          0.11114934         -0.45540247          0.01169213          0.00622574          0.01071023          0.00912133          0.00390878         -0.01915327         -0.01378349         -0.12128330          0.46384391         -0.00703012
          0.00759560          0.02416129          0.12658701         -0.00668709          0.00852247         -0.00658144          0.00912524         -0.02565326         -0.01864851         -0.01003398         -0.00703012         -0.10135327
  
  
