0.32033995	0.12445378	-0.14419691	-0.26288971	-0.15506406	0.0806683	-0.01806904	-0.01622327	0.03066956	-0.0393812	0.04683355	0.03285904
0.12445378	0.59248448	0.05599165	-0.19755529	-0.15772188	0.03951658	-0.01622278	-0.05354264	-0.01190844	0.08932694	-0.38121996	-0.08359978
-0.14419691	0.05599165	0.57593094	0.11191689	0.04649764	-0.07564619	-0.01893241	0.00735214	-0.42463927	0.05120805	-0.10984432	-0.07564548
-0.26288971	-0.19755529	0.11191689	0.26436492	0.18593163	-0.10287483	-0.00409783	0.00168081	-0.00527307	0.00262115	0.00994492	-0.00377296
-0.15506406	-0.15772188	0.04649764	0.18593163	0.17901898	-0.05822079	0.00127635	0.00035598	-0.00096865	-0.0321439	-0.02165247	0.01268891
0.0806683	0.03951658	-0.07564619	-0.10287483	-0.05822079	0.0842142	0.03355401	0.02552127	-0.01192777	-0.01134748	-0.00681706	0.00335976
-0.01806904	-0.01622278	-0.01893241	-0.00409783	0.00127635	0.03355401	0.02570815	0.0126578	-0.02215919	-0.00354186	0.00228924	0.00753719
-0.01622327	-0.05354264	0.00735214	0.00168081	0.00035598	0.02552127	0.0126578	0.0533885	0.00860429	0.00188466	-0.00020184	-0.0414777
0.03066956	-0.01190844	-0.42463927	-0.00527307	-0.00096865	-0.01192777	-0.02215919	0.00860429	0.44849506	-0.0032373	0.00427281	-0.01192801
-0.0393812	0.08932694	0.05120805	0.00262115	-0.0321439	-0.01134748	-0.00354186	0.00188466	-0.0032373	0.04030192	-0.05906771	-0.03662327
0.04683355	-0.38121996	-0.10984432	0.00994492	-0.02165247	-0.00681706	0.00228924	-0.00020184	0.00427281	-0.05906771	0.40307428	0.11238857
0.03285904	-0.08359978	-0.07564548	-0.00377296	0.01268891	0.00335976	0.00753719	-0.0414777	-0.01192801	-0.03662327	 0.11238857     0.08421373	

