	Numerical fourth derivative of energy in symmetry coordinates
          -------------------------------------------------------------



               Fourth derivative of energy in symmetry coordinates
               ---------------------------------------------------

      
	The fourth dimension   1
      ------------------------

        The third Dimension   1
     0.589098 -0.000004  0.000000 -0.588977 -0.000002 -0.000000
    -0.000004  0.196299 -0.000006  0.000003 -0.196346  0.000000
     0.000000 -0.000006 -1.703603  0.000001 -0.000001  1.704440
    -0.588977  0.000003  0.000001  0.589091  0.000004  0.000004
    -0.000002 -0.196346 -0.000001  0.000004  0.196307  0.000006
    -0.000000  0.000000  1.704440  0.000004  0.000006 -1.703609

        The third Dimension   2
    -0.000004  0.196299 -0.000006  0.000003 -0.196346  0.000000
     0.196299 -0.000006  0.000003 -0.196346 -0.000002 -0.000005
    -0.000006  0.000003 -0.000008 -0.000001  0.000000 -0.000001
     0.000003 -0.196346 -0.000001 -0.000005  0.196330 -0.000001
    -0.196346 -0.000002  0.000000  0.196330 -0.000008  0.000000
     0.000000 -0.000005 -0.000001 -0.000001  0.000000 -0.000005

        The third Dimension   3
     0.000000 -0.000006 -1.703603  0.000001 -0.000001  1.704440
    -0.000006  0.000003 -0.000008 -0.000001  0.000000 -0.000001
    -1.703603 -0.000008 -0.000001  1.703085  0.000004 -0.000005
     0.000001 -0.000001  1.703085 -0.000001 -0.000001 -1.703998
    -0.000001  0.000000  0.000004 -0.000001  0.000001  0.000001
     1.704440 -0.000001 -0.000005 -1.703998  0.000001 -0.000002

        The third Dimension   4
    -0.588977  0.000003  0.000001  0.589091  0.000004  0.000004
     0.000003 -0.196346 -0.000001 -0.000005  0.196330 -0.000001
     0.000001 -0.000001  1.703085 -0.000001 -0.000001 -1.703998
     0.589091 -0.000005 -0.000001 -0.588976  0.000003 -0.000004
     0.000004  0.196330 -0.000001  0.000003 -0.196351 -0.000001
     0.000004 -0.000001 -1.703998 -0.000004 -0.000001  1.703092

        The third Dimension   5
    -0.000002 -0.196346 -0.000001  0.000004  0.196307  0.000006
    -0.196346 -0.000002  0.000000  0.196330 -0.000008  0.000000
    -0.000001  0.000000  0.000004 -0.000001  0.000001  0.000001
     0.000004  0.196330 -0.000001  0.000003 -0.196351 -0.000001
     0.196307 -0.000008  0.000001 -0.196351  0.000001 -0.000004
     0.000006  0.000000  0.000001 -0.000001 -0.000004  0.000003
        
The third Dimension   6
    -0.000000  0.000000  1.704440  0.000004  0.000006 -1.703609
     0.000000 -0.000005 -0.000001 -0.000001  0.000000 -0.000005
     1.704440 -0.000001 -0.000005 -1.703998  0.000001 -0.000002
     0.000004 -0.000001 -1.703998 -0.000004 -0.000001  1.703092
     0.000006  0.000000  0.000001 -0.000001 -0.000004  0.000003
    -1.703609 -0.000005 -0.000002  1.703092  0.000003 -0.000002

      The fourth dimension   2
      ------------------------

        The third Dimension   1
    -0.000004  0.196299 -0.000006  0.000003 -0.196346  0.000000
     0.196299 -0.000006  0.000003 -0.196346 -0.000002 -0.000005
    -0.000006  0.000003 -0.000008 -0.000001  0.000000 -0.000001
     0.000003 -0.196346 -0.000001 -0.000005  0.196330 -0.000001
    -0.196346 -0.000002  0.000000  0.196330 -0.000008  0.000000
     0.000000 -0.000005 -0.000001 -0.000001  0.000000 -0.000005

        The third Dimension   2
     0.196299 -0.000006  0.000003 -0.196346 -0.000002 -0.000005
    -0.000006  0.589030  0.000001 -0.000003 -0.588977  0.000004
     0.000003  0.000001 -1.703621  0.000003  0.000003  1.704437
    -0.196346 -0.000003  0.000003  0.196279  0.000002  0.000002
    -0.000002 -0.588977  0.000003  0.000002  0.589054  0.000003
    -0.000005  0.000004  1.704437  0.000002  0.000003 -1.703651

        The third Dimension   3
    -0.000006  0.000003 -0.000008 -0.000001  0.000000 -0.000001
     0.000003  0.000001 -1.703621  0.000003  0.000003  1.704437
    -0.000008 -1.703621 -0.000004 -0.000003  1.703082  0.000006
    -0.000001  0.000003 -0.000003 -0.000001  0.000000  0.000001
     0.000000  0.000003  1.703082  0.000000 -0.000002 -1.704000
    -0.000001  1.704437  0.000006  0.000001 -1.704000  0.000001

        The third Dimension   4
     0.000003 -0.196346 -0.000001 -0.000005  0.196330 -0.000001
    -0.196346 -0.000003  0.000003  0.196279  0.000002  0.000002
    -0.000001  0.000003 -0.000003 -0.000001  0.000000  0.000001
    -0.000005  0.196279 -0.000001 -0.000001 -0.196353  0.000001
     0.196330  0.000002  0.000000 -0.196353 -0.000001 -0.000001
    -0.000001  0.000002  0.000001  0.000001 -0.000001 -0.000002
       
 The third Dimension   5
    -0.196346 -0.000002  0.000000  0.196330 -0.000008  0.000000
    -0.000002 -0.588977  0.000003  0.000002  0.589054  0.000003
     0.000000  0.000003  1.703082  0.000000 -0.000002 -1.704000
     0.196330  0.000002  0.000000 -0.196353 -0.000001 -0.000001
    -0.000008  0.589054 -0.000002 -0.000001 -0.588979  0.000003
     0.000000  0.000003 -1.704000 -0.000001  0.000003  1.703086

        The third Dimension   6
     0.000000 -0.000005 -0.000001 -0.000001  0.000000 -0.000005
    -0.000005  0.000004  1.704437  0.000002  0.000003 -1.703651
    -0.000001  1.704437  0.000006  0.000001 -1.704000  0.000001
    -0.000001  0.000002  0.000001  0.000001 -0.000001 -0.000002
     0.000000  0.000003 -1.704000 -0.000001  0.000003  1.703086
    -0.000005 -1.703651  0.000001 -0.000002  1.703086  0.000000

      The fourth dimension   3
      ------------------------

        The third Dimension   1
     0.000000 -0.000006 -1.703603  0.000001 -0.000001  1.704440
    -0.000006  0.000003 -0.000008 -0.000001  0.000000 -0.000001
    -1.703603 -0.000008 -0.000001  1.703085  0.000004 -0.000005
     0.000001 -0.000001  1.703085 -0.000001 -0.000001 -1.703998
    -0.000001  0.000000  0.000004 -0.000001  0.000001  0.000001
     1.704440 -0.000001 -0.000005 -1.703998  0.000001 -0.000002
        
The third Dimension   2
    -0.000006  0.000003 -0.000008 -0.000001  0.000000 -0.000001
     0.000003  0.000001 -1.703621  0.000003  0.000003  1.704437
    -0.000008 -1.703621 -0.000004 -0.000003  1.703082  0.000006
    -0.000001  0.000003 -0.000003 -0.000001  0.000000  0.000001
     0.000000  0.000003  1.703082  0.000000 -0.000002 -1.704000
    -0.000001  1.704437  0.000006  0.000001 -1.704000  0.000001

        The third Dimension   3
    -1.703603 -0.000008 -0.000001  1.703085  0.000004 -0.000005
    -0.000008 -1.703621 -0.000004 -0.000003  1.703082  0.000006
    -0.000001 -0.000004  8.460638  0.000000  0.000001 -8.454019
     1.703085 -0.000003  0.000000 -1.703602  0.000007  0.000004
     0.000004  1.703082  0.000001  0.000007 -1.703620  0.000005
    -0.000005  0.000006 -8.454019  0.000004  0.000005  8.460640

        The third Dimension   4
     0.000001 -0.000001  1.703085 -0.000001 -0.000001 -1.703998
    -0.000001  0.000003 -0.000003 -0.000001  0.000000  0.000001
     1.703085 -0.000003  0.000000 -1.703602  0.000007  0.000004
    -0.000001 -0.000001 -1.703602  0.000001 -0.000002  1.704442
    -0.000001  0.000000  0.000007 -0.000002  0.000004 -0.000001
    -1.703998  0.000001  0.000004  1.704442 -0.000001  0.000003

        The third Dimension   5
    -0.000001  0.000000  0.000004 -0.000001  0.000001  0.000001
     0.000000  0.000003  1.703082  0.000000 -0.000002 -1.704000
     0.000004  1.703082  0.000001  0.000007 -1.703620  0.000005
    -0.000001  0.000000  0.000007 -0.000002  0.000004 -0.000001
     0.000001 -0.000002 -1.703620  0.000004 -0.000001  1.704438
     0.000001 -1.704000  0.000005 -0.000001  1.704438 -0.000002

        The third Dimension   6
     1.704440 -0.000001 -0.000005 -1.703998  0.000001 -0.000002
    -0.000001  1.704437  0.000006  0.000001 -1.704000  0.000001
    -0.000005  0.000006 -8.454019  0.000004  0.000005  8.460640
    -1.703998  0.000001  0.000004  1.704442 -0.000001  0.000003
     0.000001 -1.704000  0.000005 -0.000001  1.704438 -0.000002
    -0.000002  0.000001  8.460640  0.000003 -0.000002 -8.454023

	 The fourth dimension   4
      ------------------------

        The third Dimension   1
    -0.588977  0.000003  0.000001  0.589091  0.000004  0.000004
     0.000003 -0.196346 -0.000001 -0.000005  0.196330 -0.000001
     0.000001 -0.000001  1.703085 -0.000001 -0.000001 -1.703998
     0.589091 -0.000005 -0.000001 -0.588976  0.000003 -0.000004
     0.000004  0.196330 -0.000001  0.000003 -0.196351 -0.000001
     0.000004 -0.000001 -1.703998 -0.000004 -0.000001  1.703092

        The third Dimension   2
     0.000003 -0.196346 -0.000001 -0.000005  0.196330 -0.000001
    -0.196346 -0.000003  0.000003  0.196279  0.000002  0.000002
    -0.000001  0.000003 -0.000003 -0.000001  0.000000  0.000001
    -0.000005  0.196279 -0.000001 -0.000001 -0.196353  0.000001
     0.196330  0.000002  0.000000 -0.196353 -0.000001 -0.000001
    -0.000001  0.000002  0.000001  0.000001 -0.000001 -0.000002

        The third Dimension   3
     0.000001 -0.000001  1.703085 -0.000001 -0.000001 -1.703998
    -0.000001  0.000003 -0.000003 -0.000001  0.000000  0.000001
     1.703085 -0.000003  0.000000 -1.703602  0.000007  0.000004
    -0.000001 -0.000001 -1.703602  0.000001 -0.000002  1.704442
    -0.000001  0.000000  0.000007 -0.000002  0.000004 -0.000001
    -1.703998  0.000001  0.000004  1.704442 -0.000001  0.000003

        The third Dimension   4
     0.589091 -0.000005 -0.000001 -0.588976  0.000003 -0.000004
    -0.000005  0.196279 -0.000001 -0.000001 -0.196353  0.000001
    -0.000001 -0.000001 -1.703602  0.000001 -0.000002  1.704442
    -0.588976 -0.000001  0.000001  0.589080  0.000002  0.000004
     0.000003 -0.196353 -0.000002  0.000002  0.196277  0.000003
    -0.000004  0.000001  1.704442  0.000004  0.000003 -1.703616

        The third Dimension   5
     0.000004  0.196330 -0.000001  0.000003 -0.196351 -0.000001
     0.196330  0.000002  0.000000 -0.196353 -0.000001 -0.000001
    -0.000001  0.000000  0.000007 -0.000002  0.000004 -0.000001
     0.000003 -0.196353 -0.000002  0.000002  0.196277  0.000003
    -0.196351 -0.000001  0.000004  0.196277  0.000003  0.000000
    -0.000001 -0.000001 -0.000001  0.000003  0.000000  0.000004
        
	The third Dimension   6
     0.000004 -0.000001 -1.703998 -0.000004 -0.000001  1.703092
    -0.000001  0.000002  0.000001  0.000001 -0.000001 -0.000002
    -1.703998  0.000001  0.000004  1.704442 -0.000001  0.000003
    -0.000004  0.000001  1.704442  0.000004  0.000003 -1.703616
    -0.000001 -0.000001 -0.000001  0.000003  0.000000  0.000004
     1.703092 -0.000002  0.000003 -1.703616  0.000004  0.000004

      The fourth dimension   5
      ------------------------

        The third Dimension   1
    -0.000002 -0.196346 -0.000001  0.000004  0.196307  0.000006
    -0.196346 -0.000002  0.000000  0.196330 -0.000008  0.000000
    -0.000001  0.000000  0.000004 -0.000001  0.000001  0.000001
     0.000004  0.196330 -0.000001  0.000003 -0.196351 -0.000001
     0.196307 -0.000008  0.000001 -0.196351  0.000001 -0.000004
     0.000006  0.000000  0.000001 -0.000001 -0.000004  0.000003

        The third Dimension   2
    -0.196346 -0.000002  0.000000  0.196330 -0.000008  0.000000
    -0.000002 -0.588977  0.000003  0.000002  0.589054  0.000003
     0.000000  0.000003  1.703082  0.000000 -0.000002 -1.704000
     0.196330  0.000002  0.000000 -0.196353 -0.000001 -0.000001
    -0.000008  0.589054 -0.000002 -0.000001 -0.588979  0.000003
     0.000000  0.000003 -1.704000 -0.000001  0.000003  1.703086
      
	  The third Dimension   3
    -0.000001  0.000000  0.000004 -0.000001  0.000001  0.000001
     0.000000  0.000003  1.703082  0.000000 -0.000002 -1.704000
     0.000004  1.703082  0.000001  0.000007 -1.703620  0.000005
    -0.000001  0.000000  0.000007 -0.000002  0.000004 -0.000001
     0.000001 -0.000002 -1.703620  0.000004 -0.000001  1.704438
     0.000001 -1.704000  0.000005 -0.000001  1.704438 -0.000002

        The third Dimension   4
     0.000004  0.196330 -0.000001  0.000003 -0.196351 -0.000001
     0.196330  0.000002  0.000000 -0.196353 -0.000001 -0.000001
    -0.000001  0.000000  0.000007 -0.000002  0.000004 -0.000001
     0.000003 -0.196353 -0.000002  0.000002  0.196277  0.000003
    -0.196351 -0.000001  0.000004  0.196277  0.000003  0.000000
    -0.000001 -0.000001 -0.000001  0.000003  0.000000  0.000004

        The third Dimension   5
     0.196307 -0.000008  0.000001 -0.196351  0.000001 -0.000004
    -0.000008  0.589054 -0.000002 -0.000001 -0.588979  0.000003
     0.000001 -0.000002 -1.703620  0.000004 -0.000001  1.704438
    -0.196351 -0.000001  0.000004  0.196277  0.000003  0.000000
     0.000001 -0.588979 -0.000001  0.000003  0.589054  0.000004
    -0.000004  0.000003  1.704438  0.000000  0.000004 -1.703637

	The third Dimension   6
     0.000006  0.000000  0.000001 -0.000001 -0.000004  0.000003
     0.000000  0.000003 -1.704000 -0.000001  0.000003  1.703086
     0.000001 -1.704000  0.000005 -0.000001  1.704438 -0.000002
    -0.000001 -0.000001 -0.000001  0.000003  0.000000  0.000004
    -0.000004  0.000003  1.704438  0.000000  0.000004 -1.703637
     0.000003  1.703086 -0.000002  0.000004 -1.703637  0.000004

      The fourth dimension   6
      ------------------------

        The third Dimension   1
    -0.000000  0.000000  1.704440  0.000004  0.000006 -1.703609
     0.000000 -0.000005 -0.000001 -0.000001  0.000000 -0.000005
     1.704440 -0.000001 -0.000005 -1.703998  0.000001 -0.000002
     0.000004 -0.000001 -1.703998 -0.000004 -0.000001  1.703092
     0.000006  0.000000  0.000001 -0.000001 -0.000004  0.000003
    -1.703609 -0.000005 -0.000002  1.703092  0.000003 -0.000002

        The third Dimension   2
     0.000000 -0.000005 -0.000001 -0.000001  0.000000 -0.000005
    -0.000005  0.000004  1.704437  0.000002  0.000003 -1.703651
    -0.000001  1.704437  0.000006  0.000001 -1.704000  0.000001
    -0.000001  0.000002  0.000001  0.000001 -0.000001 -0.000002
     0.000000  0.000003 -1.704000 -0.000001  0.000003  1.703086
    -0.000005 -1.703651  0.000001 -0.000002  1.703086  0.000000

        The third Dimension   3
     1.704440 -0.000001 -0.000005 -1.703998  0.000001 -0.000002
    -0.000001  1.704437  0.000006  0.000001 -1.704000  0.000001
    -0.000005  0.000006 -8.454019  0.000004  0.000005  8.460640
    -1.703998  0.000001  0.000004  1.704442 -0.000001  0.000003
     0.000001 -1.704000  0.000005 -0.000001  1.704438 -0.000002
    -0.000002  0.000001  8.460640  0.000003 -0.000002 -8.454023

        The third Dimension   4
     0.000004 -0.000001 -1.703998 -0.000004 -0.000001  1.703092
    -0.000001  0.000002  0.000001  0.000001 -0.000001 -0.000002
    -1.703998  0.000001  0.000004  1.704442 -0.000001  0.000003
    -0.000004  0.000001  1.704442  0.000004  0.000003 -1.703616
    -0.000001 -0.000001 -0.000001  0.000003  0.000000  0.000004
     1.703092 -0.000002  0.000003 -1.703616  0.000004  0.000004

        The third Dimension   5
     0.000006  0.000000  0.000001 -0.000001 -0.000004  0.000003
     0.000000  0.000003 -1.704000 -0.000001  0.000003  1.703086
     0.000001 -1.704000  0.000005 -0.000001  1.704438 -0.000002
    -0.000001 -0.000001 -0.000001  0.000003  0.000000  0.000004
    -0.000004  0.000003  1.704438  0.000000  0.000004 -1.703637
     0.000003  1.703086 -0.000002  0.000004 -1.703637  0.000004

        The third Dimension   6
    -1.703609 -0.000005 -0.000002  1.703092  0.000003 -0.000002
    -0.000005 -1.703651  0.000001 -0.000002  1.703086  0.000000
    -0.000002  0.000001  8.460640  0.000003 -0.000002 -8.454023
     1.703092 -0.000002  0.000003 -1.703616  0.000004  0.000004
     0.000003  1.703086 -0.000002  0.000004 -1.703637  0.000004
    -0.000002  0.000000 -8.454023  0.000004  0.000004  8.460609

