  
         -0.81939535         -0.74099898          0.65328014          0.02798990          0.15007542         -0.02231493          0.84352834          0.38911450         -0.25124956         -0.14063055          0.18102179         -0.34517457          0.08850766          0.02078726         -0.03454107
         -0.74099898          0.00000936         -0.00000044          0.12739841         -0.00000455          0.00000002          0.39667343          0.05317336         -0.09251093          0.18858081         -0.03709814          0.21265547          0.02834632         -0.01608003         -0.12014412
          0.65328014         -0.00000044          0.81938597         -0.02231489          0.00000002         -0.02798821         -0.25600625         -0.09251093         -0.06360983         -0.36084789          0.21265547         -0.40345787         -0.01411110         -0.12014412         -0.32433006
          0.02798990          0.12739841         -0.02231489         -0.01028451         -0.12700473          0.00819886         -0.01615755          0.00343885          0.00579655          0.00125291         -0.00042763          0.00830087         -0.00280075         -0.00340491          0.00001861
          0.15007542         -0.00000455          0.00000002         -0.12700473          0.00000432         -0.00000001         -0.01360328         -0.01378957          0.00284700         -0.00719928          0.00962012         -0.00654440         -0.00226814          0.00416968          0.00369739
         -0.02231493          0.00000002         -0.02798821          0.00819886         -0.00000001          0.01028288          0.00532994         -0.00171890          0.00316477          0.00676339          0.00395125          0.00781119          0.00202274         -0.00223236          0.00672938
          0.84352834          0.39667343         -0.25600625         -0.01615755         -0.01360328          0.00532994         -0.80669508         -0.37783489          0.24011118         -0.00831103         -0.00231808          0.00063534         -0.01236468         -0.00291719          0.00992979
          0.38911450          0.05317336         -0.09251093          0.00343885         -0.01378957         -0.00171890         -0.37783489         -0.03621554          0.09305379         -0.00574160         -0.00095797          0.00090944         -0.00897686         -0.00221028          0.00026659
         -0.25124956         -0.09251093         -0.06360983          0.00579655          0.00284700          0.00316477          0.24011118          0.09305379          0.06338362          0.00463123          0.00196560          0.00117069          0.00071060         -0.00535546         -0.00410926
         -0.14063055          0.18858081         -0.36084789          0.00125291         -0.00719928          0.00676339         -0.00831103         -0.00574160          0.00463123          0.14264290         -0.16852112          0.33833806          0.00504577         -0.00711881          0.01111521
          0.18102179         -0.03709814          0.21265547         -0.00042763          0.00962012          0.00395125         -0.00231808         -0.00095797          0.00196560         -0.16852112          0.02526759         -0.21390332         -0.00975496          0.00316839         -0.00466900
         -0.34517457          0.21265547         -0.40345787          0.00830087         -0.00654440          0.00781119          0.00063534          0.00090944          0.00117069          0.33833806         -0.21390332          0.37590782         -0.00209970          0.00688281          0.01856818
          0.08850766          0.02834632         -0.01411110         -0.00280075         -0.00226814          0.00202274         -0.01236468         -0.00897686          0.00071060          0.00504577         -0.00975496         -0.00209970         -0.07838800         -0.00734635          0.01347746
          0.02078726         -0.01608003         -0.12014412         -0.00340491          0.00416968         -0.00223236         -0.00291719         -0.00221028         -0.00535546         -0.00711881          0.00316839          0.00688281         -0.00734635          0.01095223          0.12084914
         -0.03454107         -0.12014412         -0.32433006          0.00001861          0.00369739          0.00672938          0.00992979          0.00026659         -0.00410926          0.01111521         -0.00466900          0.01856818          0.01347746          0.12084914          0.30314176
  
         -0.74099898          0.00000936         -0.00000044          0.12739841         -0.00000455          0.00000002          0.39667343          0.05317336         -0.09251093          0.18858081         -0.03709814          0.21265547          0.02834632         -0.01608003         -0.12014412
          0.00000936          1.48200568         -0.00000548         -0.00000448         -1.16113925          0.00000258          0.03232909         -0.10695597         -0.00737744         -0.02255663         -0.10695534         -0.02431175         -0.00977734         -0.10695512          0.03169209
         -0.00000044         -0.00000548         -0.74100669          0.00000002          0.00000263          0.12739867         -0.09251093         -0.01213413          0.01239361          0.21265547         -0.03998507          0.22048920         -0.12014412          0.05212205          0.38072521
          0.12739841         -0.00000448          0.00000002         -0.13077449          0.00000433         -0.00000001          0.00515958         -0.00511349         -0.00194237          0.00079038          0.00356740          0.00446484         -0.00257388          0.00154625         -0.00252249
         -0.00000455         -1.16113925          0.00000263          0.00000433          1.10961664         -0.00000250          0.00735348          0.01717424         -0.00167810         -0.00512987          0.01717419         -0.00552924         -0.00222339          0.01717417          0.00720721
          0.00000002          0.00000258          0.12739867         -0.00000001         -0.00000250         -0.13077459         -0.00194238          0.00116688         -0.00290886          0.00446490          0.00384492          0.00146027         -0.00252253         -0.00501188          0.00482450
          0.39667343          0.03232909         -0.09251093          0.00515958          0.00735348         -0.00194238         -0.37657831         -0.03968063          0.09305379         -0.01383933          0.00110315         -0.00789417         -0.01141537         -0.00110509          0.00929369
          0.05317336         -0.10695597         -0.01213413         -0.00511349          0.01717424          0.00116688         -0.03968063          0.08393529          0.00905514         -0.00363733          0.00292323          0.00337619         -0.00474191          0.00292321         -0.00146408
         -0.09251093         -0.00737744          0.01239361         -0.00194237         -0.00167810         -0.00290886          0.09305379          0.00905514          0.00995663          0.00425916          0.00483861         -0.00850869         -0.00285966         -0.00483822         -0.01093269
          0.18858081         -0.02255663          0.21265547          0.00079038         -0.00512987          0.00446490         -0.01383933         -0.00363733          0.00425916         -0.16726453          0.02768493         -0.21390332         -0.00826733          0.00363890         -0.00747621
         -0.03709814         -0.10695534         -0.03998507          0.00356740          0.01717419          0.00384492          0.00110315          0.00292323          0.00483861          0.02768493          0.08393476          0.02983954          0.00474266          0.00292316          0.00146200
          0.21265547         -0.02431175          0.22048920          0.00446484         -0.00552924          0.00146027         -0.00789417          0.00337619         -0.00850869         -0.21390332          0.02983954         -0.19935999          0.00467717         -0.00337473         -0.01408080
          0.02834632         -0.00977734         -0.12014412         -0.00257388         -0.00222339         -0.00252253         -0.01141537         -0.00474191         -0.00285966         -0.00826733          0.00474266          0.00467717         -0.00608975          0.01199997          0.12084914
         -0.01608003         -0.10695512          0.05212205          0.00154625          0.01717417         -0.00501188         -0.00110509          0.00292321         -0.00483822          0.00363890          0.00292316         -0.00337473          0.01199997          0.08393459         -0.03889722
         -0.12014412          0.03169209          0.38072521         -0.00252249          0.00720721          0.00482450          0.00929369         -0.00146408         -0.01093269         -0.00747621          0.00146200         -0.01408080          0.12084914         -0.03889722         -0.36053623
  
          0.65328014         -0.00000044          0.81938597         -0.02231489          0.00000002         -0.02798821         -0.25600625         -0.09251093         -0.06360983         -0.36084789          0.21265547         -0.40345787         -0.01411110         -0.12014412         -0.32433006
         -0.00000044         -0.00000548         -0.74100669          0.00000002          0.00000263          0.12739867         -0.09251093         -0.01213413          0.01239361          0.21265547         -0.03998507          0.22048920         -0.12014412          0.05212205          0.38072521
          0.81938597         -0.74100669         -0.65327472         -0.02798814          0.15007569          0.02231391         -0.08445410          0.00483468          0.07802744         -0.38891636          0.21293017         -0.22558929         -0.31802737          0.37316615          0.77852266
         -0.02231489          0.00000002         -0.02798814          0.00819886         -0.00000001          0.01028289          0.00532992         -0.00171891          0.00316478          0.00676334          0.00395128          0.00781114          0.00202276         -0.00223238          0.00672933
          0.00000002          0.00000263          0.15007569         -0.00000001         -0.00000249         -0.12700482          0.00284698          0.00314677         -0.00177722         -0.00654432          0.01036875         -0.00818125          0.00369733         -0.01351566         -0.01311239
         -0.02798821          0.12739867          0.02231391          0.01028289         -0.12700482         -0.00819792          0.00111998         -0.00370138         -0.00236495          0.00923768          0.00016512          0.00300623          0.00734766          0.00314241         -0.01475727
         -0.25600625         -0.09251093         -0.08445410          0.00532992          0.00284698          0.00111998          0.23932044          0.09305379          0.05991853          0.01724661         -0.00411110          0.01215515         -0.00589072          0.00072127          0.01126043
         -0.09251093         -0.01213413          0.00483468         -0.00171891          0.00314677         -0.00370138          0.09305379          0.00826440          0.00870005          0.00698606          0.00310531         -0.00653430         -0.00581002         -0.00238236         -0.00329905
         -0.06360983          0.01239361          0.07802744          0.00316478         -0.00177722         -0.00236495          0.05991853          0.00870005         -0.06969549         -0.00079726         -0.00995778          0.00589825          0.00132378         -0.00935866         -0.01186525
         -0.36084789          0.21265547         -0.38891636          0.00676334         -0.00654432          0.00923768          0.01724661          0.00698606         -0.00079726          0.33573257         -0.21390332          0.37832515          0.00110537          0.00080610          0.00215079
          0.21265547         -0.03998507          0.21293017          0.00395128          0.01036875          0.00016512         -0.00411110          0.00310531         -0.00995778         -0.21390332          0.02723406         -0.20061658          0.00140767         -0.00072304         -0.00252094
         -0.40345787          0.22048920         -0.22558929          0.00781114         -0.00818125          0.00300623          0.01215515         -0.00653430          0.00589825          0.37832515         -0.20061658          0.22317888          0.00516643         -0.00515707         -0.00649407
         -0.01411110         -0.12014412         -0.31802737          0.00202276          0.00369733          0.00734766         -0.00589072         -0.00581002          0.00132378          0.00110537          0.00140767          0.00516643          0.01687369          0.12084914          0.30418950
         -0.12014412          0.05212205          0.37316615         -0.00223238         -0.01351566          0.00314241          0.00072127         -0.00238236         -0.00935866          0.00080610         -0.00072304         -0.00515707          0.12084914         -0.03550099         -0.36179283
         -0.32433006          0.38072521          0.77852266          0.00672933         -0.01311239         -0.01475727          0.01126043         -0.00329905         -0.01186525          0.00215079         -0.00252094         -0.00649407          0.30418950         -0.36179283         -0.74540607
  
          0.02798990          0.12739841         -0.02231489         -0.01028451         -0.12700473          0.00819886         -0.01615755          0.00343885          0.00579655          0.00125291         -0.00042763          0.00830087         -0.00280075         -0.00340491          0.00001861
          0.12739841         -0.00000448          0.00000002         -0.13077449          0.00000433         -0.00000001          0.00515958         -0.00511349         -0.00194237          0.00079038          0.00356740          0.00446484         -0.00257388          0.00154625         -0.00252249
         -0.02231489          0.00000002         -0.02798814          0.00819886         -0.00000001          0.01028289          0.00532992         -0.00171891          0.00316478          0.00676334          0.00395128          0.00781114          0.00202276         -0.00223238          0.00672933
         -0.01028451         -0.13077449          0.00819886         -0.00054605          0.12052678          0.00043605          0.00195107          0.00680353         -0.00349121          0.00476765          0.00313452         -0.00489779          0.00411184          0.00030966         -0.00024591
         -0.12700473          0.00000433         -0.00000001          0.12052678         -0.00000422          0.00000000          0.00451678          0.02526270         -0.00113507          0.00196353         -0.01762403          0.00260912         -0.00000237         -0.00763878         -0.00147404
          0.00819886         -0.00000001          0.01028289          0.00043605          0.00000000          0.00054758         -0.00238256         -0.00163105         -0.00578261         -0.00124476          0.00374909         -0.00209460         -0.00500759         -0.00211803         -0.00295325
         -0.01615755          0.00515958          0.00532992          0.00195107          0.00451678         -0.00238256          0.01656453         -0.01335715         -0.00425782         -0.00111317          0.00296327          0.00112617         -0.00124488          0.00071751          0.00018428
          0.00343885         -0.00511349         -0.00171891          0.00680353          0.02526270         -0.00163105         -0.01335715         -0.01848275          0.00455570          0.00275893         -0.00050390         -0.00169032          0.00035584         -0.00116257          0.00048458
          0.00579655         -0.00194237          0.00316478         -0.00349121         -0.00113507         -0.00578261         -0.00425782          0.00455570          0.00077635          0.00063503          0.00517604          0.00095698          0.00131746         -0.00665430          0.00088450
          0.00125291          0.00079038          0.00676334          0.00476765          0.00196353         -0.00124476         -0.00111317          0.00275893          0.00063503         -0.00422812         -0.00310948         -0.00613155         -0.00067926         -0.00240336         -0.00002207
         -0.00042763          0.00356740          0.00395128          0.00313452         -0.01762403          0.00374909          0.00296327         -0.00050390          0.00517604         -0.00310948          0.01289407         -0.01047203         -0.00256069          0.00166646         -0.00240438
          0.00830087          0.00446484          0.00781114         -0.00489779          0.00260912         -0.00209460          0.00112617         -0.00169032          0.00095698         -0.00613155         -0.01047203         -0.00786935          0.00160229          0.00508839          0.00119584
         -0.00280075         -0.00257388          0.00202276          0.00411184         -0.00000237         -0.00500759         -0.00124488          0.00035584          0.00131746         -0.00067926         -0.00256069          0.00160229          0.00061305          0.00478110          0.00006508
         -0.00340491          0.00154625         -0.00223238          0.00030966         -0.00763878         -0.00211803          0.00071751         -0.00116257         -0.00665430         -0.00240336          0.00166646          0.00508839          0.00478110          0.00558864          0.00591633
          0.00001861         -0.00252249          0.00672933         -0.00024591         -0.00147404         -0.00295325          0.00018428          0.00048458          0.00088450         -0.00002207         -0.00240438          0.00119584          0.00006508          0.00591633         -0.00585642
  
          0.15007542         -0.00000455          0.00000002         -0.12700473          0.00000432         -0.00000001         -0.01360328         -0.01378957          0.00284700         -0.00719928          0.00962012         -0.00654440         -0.00226814          0.00416968          0.00369739
         -0.00000455         -1.16113925          0.00000263          0.00000433          1.10961664         -0.00000250          0.00735348          0.01717424         -0.00167810         -0.00512987          0.01717419         -0.00552924         -0.00222339          0.01717417          0.00720721
          0.00000002          0.00000263          0.15007569         -0.00000001         -0.00000249         -0.12700482          0.00284698          0.00314677         -0.00177722         -0.00654432          0.01036875         -0.00818125          0.00369733         -0.01351566         -0.01311239
         -0.12700473          0.00000433         -0.00000001          0.12052678         -0.00000422          0.00000000          0.00451678          0.02526270         -0.00113507          0.00196353         -0.01762403          0.00260912         -0.00000237         -0.00763878         -0.00147404
          0.00000432          1.10961664         -0.00000249         -0.00000422         -1.09264427          0.00000244         -0.00121390         -0.00565763          0.00027702          0.00084679         -0.00565741          0.00091273          0.00036701         -0.00565732         -0.00118969
         -0.00000001         -0.00000250         -0.12700482          0.00000000          0.00000244          0.12052678         -0.00113503         -0.00576497         -0.00019802          0.00260900         -0.01899570          0.00235511         -0.00147396          0.02476073          0.00432095
         -0.01360328          0.00735348          0.00284698          0.00451678         -0.00121390         -0.00113503          0.00998487         -0.00745142         -0.00185173         -0.00057025          0.00109936          0.00071532         -0.00032813          0.00021247         -0.00057553
         -0.01378957          0.01717424          0.00314677          0.02526270         -0.00565763         -0.00576497         -0.00745142         -0.01248823          0.00170045         -0.00191876          0.00048581          0.00086245         -0.00210296          0.00048580          0.00005530
          0.00284700         -0.00167810         -0.00177722         -0.00113507          0.00027702         -0.00019802         -0.00185173          0.00170045          0.00229294         -0.00107841          0.00179354         -0.00003779          0.00121821         -0.00209290         -0.00027991
         -0.00719928         -0.00512987         -0.00654432          0.00196353          0.00084679          0.00260900         -0.00057025         -0.00191876         -0.00107841          0.00581966          0.00519824          0.00425664         -0.00001366          0.00100359          0.00075708
          0.00962012          0.01717419          0.01036875         -0.01762403         -0.00565741         -0.01899570          0.00109936          0.00048581          0.00179354          0.00519824         -0.01248837          0.00560294          0.00170630          0.00048578          0.00123048
         -0.00654440         -0.00552924         -0.00818125          0.00260912          0.00091273          0.00235511          0.00071532          0.00086245         -0.00003779          0.00425664          0.00560294          0.00645829         -0.00103668         -0.00184887         -0.00059436
         -0.00226814         -0.00222339          0.00369733         -0.00000237          0.00036701         -0.00147396         -0.00032813         -0.00210296          0.00121821         -0.00001366          0.00170630         -0.00103668          0.00261230          0.00225304         -0.00240490
          0.00416968          0.01717417         -0.01351566         -0.00763878         -0.00565732          0.02476073          0.00021247          0.00048580         -0.00209290          0.00100359          0.00048578         -0.00184887          0.00225304         -0.01248844         -0.00730330
          0.00369739          0.00720721         -0.01311239         -0.00147404         -0.00118969          0.00432095         -0.00057553          0.00005530         -0.00027991          0.00075708          0.00123048         -0.00059436         -0.00240490         -0.00730330          0.00966572
  
         -0.02231493          0.00000002         -0.02798821          0.00819886         -0.00000001          0.01028288          0.00532994         -0.00171890          0.00316477          0.00676339          0.00395125          0.00781119          0.00202274         -0.00223236          0.00672938
          0.00000002          0.00000258          0.12739867         -0.00000001         -0.00000250         -0.13077459         -0.00194238          0.00116688         -0.00290886          0.00446490          0.00384492          0.00146027         -0.00252253         -0.00501188          0.00482450
         -0.02798821          0.12739867          0.02231391          0.01028289         -0.12700482         -0.00819792          0.00111998         -0.00370138         -0.00236495          0.00923768          0.00016512          0.00300623          0.00734766          0.00314241         -0.01475727
          0.00819886         -0.00000001          0.01028289          0.00043605          0.00000000          0.00054758         -0.00238256         -0.00163105         -0.00578261         -0.00124476          0.00374909         -0.00209460         -0.00500759         -0.00211803         -0.00295325
         -0.00000001         -0.00000250         -0.12700482          0.00000000          0.00000244          0.12052678         -0.00113503         -0.00576497         -0.00019802          0.00260900         -0.01899570          0.00235511         -0.00147396          0.02476073          0.00432095
          0.01028288         -0.13077459         -0.00819792          0.00054758          0.12052678         -0.00043693         -0.00092438          0.00002849          0.00325691         -0.00548383          0.00369727          0.00412583         -0.00442224          0.00652205          0.00125210
          0.00532994         -0.00194238          0.00111998         -0.00238256         -0.00113503         -0.00092438         -0.00460362          0.00455569         -0.00073886          0.00098697         -0.00198997          0.00019376          0.00066927          0.00051170          0.00034950
         -0.00171890          0.00116688         -0.00370138         -0.00163105         -0.00576497          0.00002849          0.00455569          0.00421782          0.00556668          0.00547569          0.00163330         -0.00214845         -0.00668143         -0.00125302          0.00025465
          0.00316477         -0.00290886         -0.00236495         -0.00578261         -0.00019802          0.00325691         -0.00073886          0.00556668          0.00064638          0.00178581         -0.00235278         -0.00048061          0.00157089         -0.00010701         -0.00105773
          0.00676339          0.00446490          0.00923768         -0.00124476          0.00260900         -0.00548383          0.00098697          0.00547569          0.00178581         -0.00727095         -0.01047198         -0.00681234          0.00076535         -0.00207761          0.00127269
          0.00395125          0.00384492          0.00016512          0.00374909         -0.01899570          0.00369727         -0.00198997          0.00163330         -0.00235278         -0.01047198          0.01389776         -0.00468080          0.00476162         -0.00038028          0.00317119
          0.00781119          0.00146027          0.00300623         -0.00209460          0.00235511          0.00412583          0.00019376         -0.00214845         -0.00048061         -0.00681234         -0.00468080         -0.00576820          0.00090200          0.00301386         -0.00088324
          0.00202274         -0.00252253          0.00734766         -0.00500759         -0.00147396         -0.00442224          0.00066927         -0.00668143          0.00157089          0.00076535          0.00476162          0.00090200          0.00155023          0.00591630         -0.00539831
         -0.00223236         -0.00501188          0.00314241         -0.00211803          0.02476073          0.00652205          0.00051170         -0.00125302         -0.00010701         -0.00207761         -0.00038028          0.00301386          0.00591630         -0.01811555         -0.01257130
          0.00672938          0.00482450         -0.01475727         -0.00295325          0.00432095          0.00125210          0.00034950          0.00025465         -0.00105773          0.00127269          0.00317119         -0.00088324         -0.00539831         -0.01257130          0.01544614
  
          0.84352834          0.39667343         -0.25600625         -0.01615755         -0.01360328          0.00532994         -0.80669508         -0.37783489          0.24011118         -0.00831103         -0.00231808          0.00063534         -0.01236468         -0.00291719          0.00992979
          0.39667343          0.03232909         -0.09251093          0.00515958          0.00735348         -0.00194238         -0.37657831         -0.03968063          0.09305379         -0.01383933          0.00110315         -0.00789417         -0.01141537         -0.00110509          0.00929369
         -0.25600625         -0.09251093         -0.08445410          0.00532992          0.00284698          0.00111998          0.23932044          0.09305379          0.05991853          0.01724661         -0.00411110          0.01215515         -0.00589072          0.00072127          0.01126043
         -0.01615755          0.00515958          0.00532992          0.00195107          0.00451678         -0.00238256          0.01656453         -0.01335715         -0.00425782         -0.00111317          0.00296327          0.00112617         -0.00124488          0.00071751          0.00018428
         -0.01360328          0.00735348          0.00284698          0.00451678         -0.00121390         -0.00113503          0.00998487         -0.00745142         -0.00185173         -0.00057025          0.00109936          0.00071532         -0.00032813          0.00021247         -0.00057553
          0.00532994         -0.00194238          0.00111998         -0.00238256         -0.00113503         -0.00092438         -0.00460362          0.00455569         -0.00073886          0.00098697         -0.00198997          0.00019376          0.00066927          0.00051170          0.00034950
         -0.80669508         -0.37657831          0.23932044          0.01656453          0.00998487         -0.00460362          0.79701544          0.36941225         -0.23233946         -0.01266048         -0.00401508          0.00027723          0.00577560          0.00119627         -0.00265458
         -0.37783489         -0.03968063          0.09305379         -0.01335715         -0.00745142          0.00455569          0.36941225          0.03753070         -0.09361910          0.01042018          0.00501366          0.00096297          0.01135961          0.00458770         -0.00495335
          0.24011118          0.09305379          0.05991853         -0.00425782         -0.00185173         -0.00073886         -0.23233946         -0.09361910         -0.05178073         -0.02050867         -0.00420333          0.00107018          0.01699478          0.00662036         -0.00846913
         -0.00831103         -0.01383933          0.01724661         -0.00111317         -0.00057025          0.00098697         -0.01266048          0.01042018         -0.02050867          0.02093540          0.00532210          0.00075031          0.00114928         -0.00133269          0.00152480
         -0.00231808          0.00110315         -0.00411110          0.00296327          0.00109936         -0.00198997         -0.00401508          0.00501366         -0.00420333          0.00532210         -0.00556563          0.00843897         -0.00195222         -0.00165055          0.00186543
          0.00063534         -0.00789417          0.01215515          0.00112617          0.00071532          0.00019376          0.00027723          0.00096297          0.00107018          0.00075031          0.00843897         -0.01476039         -0.00278905         -0.00222310          0.00134130
         -0.01236468         -0.01141537         -0.00589072         -0.00124488         -0.00032813          0.00066927          0.00577560          0.01135961          0.01699478          0.00114928         -0.00195222         -0.00278905          0.00668469          0.00233610         -0.00898429
         -0.00291719         -0.00110509          0.00072127          0.00071751          0.00021247          0.00051170          0.00119627          0.00458770          0.00662036         -0.00133269         -0.00165055         -0.00222310          0.00233610         -0.00204453         -0.00563024
          0.00992979          0.00929369          0.01126043          0.00018428         -0.00057553          0.00034950         -0.00265458         -0.00495335         -0.00846913          0.00152480          0.00186543          0.00134130         -0.00898429         -0.00563024         -0.00448211
  
          0.38911450          0.05317336         -0.09251093          0.00343885         -0.01378957         -0.00171890         -0.37783489         -0.03621554          0.09305379         -0.00574160         -0.00095797          0.00090944         -0.00897686         -0.00221028          0.00026659
          0.05317336         -0.10695597         -0.01213413         -0.00511349          0.01717424          0.00116688         -0.03968063          0.08393529          0.00905514         -0.00363733          0.00292323          0.00337619         -0.00474191          0.00292321         -0.00146408
         -0.09251093         -0.01213413          0.00483468         -0.00171891          0.00314677         -0.00370138          0.09305379          0.00826440          0.00870005          0.00698606          0.00310531         -0.00653430         -0.00581002         -0.00238236         -0.00329905
          0.00343885         -0.00511349         -0.00171891          0.00680353          0.02526270         -0.00163105         -0.01335715         -0.01848275          0.00455570          0.00275893         -0.00050390         -0.00169032          0.00035584         -0.00116257          0.00048458
         -0.01378957          0.01717424          0.00314677          0.02526270         -0.00565763         -0.00576497         -0.00745142         -0.01248823          0.00170045         -0.00191876          0.00048581          0.00086245         -0.00210296          0.00048580          0.00005530
         -0.00171890          0.00116688         -0.00370138         -0.00163105         -0.00576497          0.00002849          0.00455569          0.00421782          0.00556668          0.00547569          0.00163330         -0.00214845         -0.00668143         -0.00125302          0.00025465
         -0.37783489         -0.03968063          0.09305379         -0.01335715         -0.00745142          0.00455569          0.36941225          0.03753070         -0.09361910          0.01042018          0.00501366          0.00096297          0.01135961          0.00458770         -0.00495335
         -0.03621554          0.08393529          0.00826440         -0.01848275         -0.01248823          0.00421782          0.03753070         -0.06608052         -0.00856457          0.00845549         -0.00268327         -0.00252106          0.00871211         -0.00268327         -0.00139659
          0.09305379          0.00905514          0.00870005          0.00455570          0.00170045          0.00556668         -0.09361910         -0.00856457         -0.01947096         -0.00690439         -0.00016218          0.00307181          0.00291399         -0.00202885          0.00213243
         -0.00574160         -0.00363733          0.00698606          0.00275893         -0.00191876          0.00547569          0.01042018          0.00845549         -0.00690439         -0.00468075         -0.00405090         -0.00322739         -0.00275676          0.00115150         -0.00232997
         -0.00095797          0.00292323          0.00310531         -0.00050390          0.00048581          0.00163330          0.00501366         -0.00268327         -0.00016218         -0.00405090         -0.00268319         -0.00295867          0.00049910          0.00195742         -0.00161777
          0.00090944          0.00337619         -0.00653430         -0.00169032          0.00086245         -0.00214845          0.00096297         -0.00252106          0.00307181         -0.00322739         -0.00295867          0.00688195          0.00304531          0.00124109         -0.00127101
         -0.00897686         -0.00474191         -0.00581002          0.00035584         -0.00210296         -0.00668143          0.01135961          0.00871211          0.00291399         -0.00275676          0.00049910          0.00304531          0.00001818         -0.00236635          0.00653215
         -0.00221028          0.00292321         -0.00238236         -0.00116257          0.00048580         -0.00125302          0.00458770         -0.00268327         -0.00202885          0.00115150          0.00195742          0.00124109         -0.00236635         -0.00268315          0.00442313
          0.00026659         -0.00146408         -0.00329905          0.00048458          0.00005530          0.00025465         -0.00495335         -0.00139659          0.00213243         -0.00232997         -0.00161777         -0.00127101          0.00653215          0.00442313          0.00218298
  
         -0.25124956         -0.09251093         -0.06360983          0.00579655          0.00284700          0.00316477          0.24011118          0.09305379          0.06338362          0.00463123          0.00196560          0.00117069          0.00071060         -0.00535546         -0.00410926
         -0.09251093         -0.00737744          0.01239361         -0.00194237         -0.00167810         -0.00290886          0.09305379          0.00905514          0.00995663          0.00425916          0.00483861         -0.00850869         -0.00285966         -0.00483822         -0.01093269
         -0.06360983          0.01239361          0.07802744          0.00316478         -0.00177722         -0.00236495          0.05991853          0.00870005         -0.06969549         -0.00079726         -0.00995778          0.00589825          0.00132378         -0.00935866         -0.01186525
          0.00579655         -0.00194237          0.00316478         -0.00349121         -0.00113507         -0.00578261         -0.00425782          0.00455570          0.00077635          0.00063503          0.00517604          0.00095698          0.00131746         -0.00665430          0.00088450
          0.00284700         -0.00167810         -0.00177722         -0.00113507          0.00027702         -0.00019802         -0.00185173          0.00170045          0.00229294         -0.00107841          0.00179354         -0.00003779          0.00121821         -0.00209290         -0.00027991
          0.00316477         -0.00290886         -0.00236495         -0.00578261         -0.00019802          0.00325691         -0.00073886          0.00556668          0.00064638          0.00178581         -0.00235278         -0.00048061          0.00157089         -0.00010701         -0.00105773
          0.24011118          0.09305379          0.05991853         -0.00425782         -0.00185173         -0.00073886         -0.23233946         -0.09361910         -0.05178073         -0.02050867         -0.00420333          0.00107018          0.01699478          0.00662036         -0.00846913
          0.09305379          0.00905514          0.00870005          0.00455570          0.00170045          0.00556668         -0.09361910         -0.00856457         -0.01947096         -0.00690439         -0.00016218          0.00307181          0.00291399         -0.00202885          0.00213243
          0.06338362          0.00995663         -0.06969549          0.00077635          0.00229294          0.00064638         -0.05178073         -0.01947096          0.06227567          0.00319373          0.00621637          0.00264518         -0.01557298          0.00100502          0.00412826
          0.00463123          0.00425916         -0.00079726          0.00063503         -0.00107841          0.00178581         -0.02050867         -0.00690439          0.00319373          0.01672707          0.00057150         -0.00129546         -0.00148466          0.00315213         -0.00288682
          0.00196560          0.00483861         -0.00995778          0.00517604          0.00179354         -0.00235278         -0.00420333         -0.00016218          0.00621637          0.00057150         -0.00684662          0.00816975         -0.00350981          0.00037665         -0.00207555
          0.00117069         -0.00850869          0.00589825          0.00095698         -0.00003779         -0.00048061          0.00107018          0.00307181          0.00264518         -0.00129546          0.00816975         -0.00897913         -0.00190239         -0.00269508          0.00091632
