0.73689896	-0.0014291	-0.02978307	-0.11728056	0.02051041	0.0103034	-0.40844442	-0.06468084	0.06668125	-0.12861661	0.03671886	-0.10505437	-0.08255738	0.00888067	0.05785279
-0.0014291	0.57005658	0.01294567	0.00034035	-0.31479237	-0.00225115	-0.06619987	-0.08107873	0.01271496	0.04601751	-0.07927974	0.04665271	0.02127112	-0.09490573	-0.07006219
-0.02978307	0.01294567	0.60458621	0.00622555	-0.03475408	-0.0652466	0.09315622	0.02617332	-0.07975546	-0.12996261	0.06364111	-0.2045715	0.06193298	-0.06800603	-0.25501264
-0.11728056	0.00034035	0.00622555	0.07848785	-0.00254512	-0.00077708	0.04209211	-0.03980887	-0.00614468	-0.00670981	0.02934354	0.00446899	-0.00549565	0.0126701	-0.00220372
0.02051041	-0.31479237	-0.03475408	-0.00254512	0.33791474	-0.00526838	-0.01374345	-0.01261619	0.0034417	0.00491985	-0.01519166	0.00481677	-0.00914169	0.00468548	0.03176398
0.0103034	-0.00225115	-0.0652466	-0.00077708	-0.00526838	0.05962071	-0.00821395	0.0095095	-0.00333063	0.00383187	0.02786408	-0.00075958	-0.00514424	-0.02985405	0.0097161
-0.40844442	-0.06619987	0.09315622	0.04209211	-0.01374345	-0.00821395	0.41090564	0.07719418	-0.06162007	-0.04491851	0.00401025	0.00369445	0.00036519	-0.00126111	-0.02701664
-0.06468084	-0.08107873	0.02617332	-0.03980887	-0.01261619	0.0095095	0.07719418	0.09255822	-0.01956626	0.01197016	0.00397532	-0.00783625	0.01532538	-0.00283862	-0.00828031
0.06668125	0.01271496	-0.07975546	-0.00614468	0.0034417	-0.00333063	-0.06162007	-0.01956626	0.06847768	-0.02112471	-0.01348332	0.00735143	0.02220821	0.01689292	0.00725698
-0.12861661	0.04601751	-0.12996261	-0.00670981	0.00491985	0.00383187	-0.04491851	0.01197016	-0.02112471	0.17984029	-0.0611764	0.1252661	0.00040464	-0.00173111	0.02198935
0.03671886	-0.07927974	0.06364111	0.02934354	-0.01519166	0.02786408	0.00401025	0.00397532	-0.01348332	-0.0611764	0.09278296	-0.06643151	-0.00889625	-0.00228689	-0.01159036
-0.10505437	0.04665271	-0.2045715	0.00446899	0.00481677	-0.00075958	0.00369445	-0.00783625	0.00735143	0.1252661	-0.06643151	0.1885196	-0.02837516	0.02279829	0.00946006
-0.08255738	0.02127112	0.06193298	-0.00549565	-0.00914169	-0.00514424	0.00036519	0.01532538	0.02220821	0.00040464	-0.00889625	-0.02837516	0.08728319	-0.01855855	-0.05062179
0.00888067	-0.09490573	-0.06800603	0.0126701	0.00468548	-0.02985405	-0.00126111	-0.00283862	0.01689292	-0.00173111	-0.00228689	0.02279829	-0.01855855	0.09534575	0.05816888
0.05785279	-0.07006219	-0.25501264	-0.00220372	0.03176398	0.0097161	-0.02701664	-0.00828031	0.00725698	0.02198935	-0.01159036	0.00946006	-0.05062179	0.05816888	0.22857951

