  
         -0.78914042         -0.71365202          0.62915873          0.02742776          0.14276672         -0.02186680          0.81690912          0.37483185         -0.24212967         -0.13886268          0.17497365         -0.33323438          0.08366622          0.02107981         -0.03192788
         -0.71365202          0.00000896         -0.00000040          0.12039910         -0.00000430          0.00000002          0.38228717          0.05333026         -0.08884997          0.18242958         -0.03720753          0.20423994          0.02853618         -0.01612740         -0.11538959
          0.62915873         -0.00000040          0.78913132         -0.02186676          0.00000001         -0.02742618         -0.24682170         -0.08885019         -0.05938047         -0.34869467          0.20424047         -0.38960599         -0.01177560         -0.11538989         -0.31271868
          0.02742776          0.12039910         -0.02186676         -0.01000865         -0.11964901          0.00797898         -0.01576956          0.00317302          0.00569093          0.00114423         -0.00053423          0.00812747         -0.00279378         -0.00338889          0.00006939
          0.14276672         -0.00000430          0.00000001         -0.11964901          0.00000406         -0.00000001         -0.01361061         -0.01340163          0.00284299         -0.00721564          0.00934949         -0.00653517         -0.00229146          0.00405238          0.00369218
         -0.02186680          0.00000002         -0.02742618          0.00797898         -0.00000001          0.01000714          0.00523524         -0.00164811          0.00315091          0.00662598          0.00378852          0.00765885          0.00202660         -0.00214042          0.00660928
          0.81690912          0.38228717         -0.24682170         -0.01576956         -0.01361061          0.00523524         -0.78068714         -0.36346491          0.23100209         -0.00825724         -0.00235514          0.00069899         -0.01219518         -0.00285652          0.00988537
          0.37483185          0.05333026         -0.08885019          0.00317302         -0.01340163         -0.00164811         -0.36346491         -0.03692305          0.08929070         -0.00572274         -0.00090879          0.00082869         -0.00881721         -0.00209680          0.00037891
         -0.24212967         -0.08884997         -0.05938047          0.00569093          0.00284299          0.00315091          0.23100209          0.08929070          0.05879154          0.00463707          0.00186750          0.00129829          0.00079958         -0.00515122         -0.00386027
         -0.13886268          0.18242958         -0.34869467          0.00114423         -0.00721564          0.00662598         -0.00825724         -0.00572274          0.00463707          0.14125738         -0.16261590          0.32638597          0.00471830         -0.00687529          0.01104565
          0.17497365         -0.03720753          0.20424047         -0.00053423          0.00934949          0.00378852         -0.00235514         -0.00090879          0.00186750         -0.16261590          0.02576110         -0.20525302         -0.00946839          0.00300572         -0.00464346
         -0.33323438          0.20423994         -0.38960599          0.00812747         -0.00653517          0.00765885          0.00069899          0.00082869          0.00129829          0.32638597         -0.20525302          0.36235308         -0.00197805          0.00671956          0.01829577
          0.08366622          0.02853618         -0.01177560         -0.00279378         -0.00229146          0.00202660         -0.01219518         -0.00881721          0.00079958          0.00471830         -0.00946839         -0.00197805         -0.07339556         -0.00795911          0.01092748
          0.02107981         -0.01612740         -0.11538989         -0.00338889          0.00405238         -0.00214042         -0.00285652         -0.00209680         -0.00515122         -0.00687529          0.00300572          0.00671956         -0.00795911          0.01116609          0.11596197
         -0.03192788         -0.11538959         -0.31271868          0.00006939          0.00369218          0.00660928          0.00988537          0.00037891         -0.00386027          0.01104565         -0.00464346          0.01829577          0.01092748          0.11596197          0.29167389
  
         -0.71365202          0.00000896         -0.00000040          0.12039910         -0.00000430          0.00000002          0.38228717          0.05333026         -0.08884997          0.18242958         -0.03720753          0.20423994          0.02853618         -0.01612740         -0.11538959
          0.00000896          1.42731024         -0.00000522         -0.00000421         -1.12296643          0.00000249          0.03276860         -0.10144843         -0.00747775         -0.02286318         -0.10144778         -0.02464218         -0.00991017         -0.10144760          0.03212266
         -0.00000040         -0.00000522         -0.71365962          0.00000002          0.00000253          0.12039935         -0.08884995         -0.01216994          0.01321479          0.20423993         -0.04010300          0.21307532         -0.11538959          0.05227563          0.36697017
          0.12039910         -0.00000421          0.00000002         -0.12325788          0.00000407         -0.00000001          0.00480734         -0.00494445         -0.00185580          0.00063287          0.00344946          0.00426585         -0.00258144          0.00149513         -0.00241006
         -0.00000430         -1.12296643          0.00000253          0.00000407          1.07206809         -0.00000240          0.00733268          0.01696615         -0.00167335         -0.00511535          0.01696610         -0.00551359         -0.00221710          0.01696609          0.00718681
          0.00000002          0.00000249          0.12039935         -0.00000001         -0.00000240         -0.12325796         -0.00185581          0.00112830         -0.00290149          0.00426590          0.00371781          0.00127291         -0.00241010         -0.00484620          0.00448720
          0.38228717          0.03276860         -0.08884995          0.00480734          0.00733268         -0.00185581         -0.36226185         -0.04023958          0.08929060         -0.01364186          0.00113334         -0.00781510         -0.01119079         -0.00099504          0.00923026
          0.05333026         -0.10144843         -0.01216994         -0.00494445          0.01696615          0.00112830         -0.04023958          0.07843929          0.00918270         -0.00355466          0.00302150          0.00320137         -0.00459158          0.00302148         -0.00134243
         -0.08884997         -0.00747775          0.01321479         -0.00185580         -0.00167335         -0.00290149          0.08929060          0.00918270          0.00864104          0.00413945          0.00464760         -0.00825161         -0.00272429         -0.00467921         -0.01070272
          0.18242958         -0.02286318          0.20423993          0.00063287         -0.00511535          0.00426590         -0.01364186         -0.00355466          0.00413945         -0.16141304          0.02807480         -0.20525281         -0.00800755          0.00345839         -0.00739247
         -0.03720753         -0.10144778         -0.04010300          0.00344946          0.01696610          0.00371781          0.00113334          0.00302150          0.00464760          0.02807480          0.07843874          0.03025977          0.00454993          0.00302143          0.00147781
          0.20423994         -0.02464218          0.21307532          0.00426585         -0.00551359          0.00127291         -0.00781510          0.00320137         -0.00825161         -0.20525281          0.03025977         -0.19221059          0.00456213         -0.00330537         -0.01388603
          0.02853618         -0.00991017         -0.11538959         -0.00258144         -0.00221710         -0.00241010         -0.01119079         -0.00459158         -0.00272429         -0.00800755          0.00454993          0.00456213         -0.00675639          0.01216892          0.11596185
         -0.01612740         -0.10144760          0.05227563          0.00149513          0.01696609         -0.00484620         -0.00099504          0.00302148         -0.00467921          0.00345839          0.00302143         -0.00330537          0.01216892          0.07843860         -0.03944485
         -0.11538959          0.03212266          0.36697017         -0.00241006          0.00718681          0.00448720          0.00923026         -0.00134243         -0.01070272         -0.00739247          0.00147781         -0.01388603          0.11596185         -0.03944485         -0.34686862
  
          0.62915873         -0.00000040          0.78913132         -0.02186676          0.00000001         -0.02742618         -0.24682170         -0.08885019         -0.05938047         -0.34869467          0.20424047         -0.38960599         -0.01177560         -0.11538989         -0.31271868
         -0.00000040         -0.00000522         -0.71365962          0.00000002          0.00000253          0.12039935         -0.08884995         -0.01216994          0.01321479          0.20423993         -0.04010300          0.21307532         -0.11538959          0.05227563          0.36697017
          0.78913132         -0.71365962         -0.62915347         -0.02742611          0.14276697          0.02186584         -0.07994145          0.00575850          0.07395220         -0.37526210          0.20561947         -0.22090714         -0.30650166          0.35951468          0.75424257
         -0.02186676          0.00000002         -0.02742611          0.00797899         -0.00000001          0.01000715          0.00523523         -0.00164812          0.00315092          0.00662593          0.00378855          0.00765881          0.00202662         -0.00214044          0.00660924
          0.00000001          0.00000253          0.14276697         -0.00000001         -0.00000240         -0.11964909          0.00284296          0.00305824         -0.00180123         -0.00653508          0.01007705         -0.00819623          0.00369212         -0.01313543         -0.01312042
         -0.02742618          0.12039935          0.02186584          0.01000715         -0.11964909         -0.00797810          0.00115399         -0.00367314         -0.00235563          0.00905195          0.00003411          0.00286233          0.00721309          0.00288878         -0.01439444
         -0.24682170         -0.08884995         -0.07994145          0.00523523          0.00284296          0.00115399          0.23024530          0.08929069          0.05547521          0.01697325         -0.00410985          0.01209401         -0.00563208          0.00082615          0.01121825
         -0.08885019         -0.01216994          0.00575850         -0.00164812          0.00305824         -0.00367314          0.08929069          0.00842586          0.00743836          0.00680597          0.00294588         -0.00630908         -0.00559835         -0.00226004         -0.00321463
         -0.05938047          0.01321479          0.07395220          0.00315092         -0.00180123         -0.00235563          0.05547521          0.00743836         -0.06550739         -0.00067102         -0.00967665          0.00558364          0.00142537         -0.00917526         -0.01167281
         -0.34869467          0.20423993         -0.37526210          0.00662593         -0.00653508          0.00905195          0.01697325          0.00680597         -0.00067102          0.32389234         -0.20525302          0.36466664          0.00120315          0.00074221          0.00221453
          0.20424047         -0.04010300          0.20561947          0.00378855          0.01007705          0.00003411         -0.00410985          0.00294588         -0.00967665         -0.20525302          0.02776599         -0.19341349          0.00133385         -0.00068592         -0.00256344
         -0.38960599          0.21307532         -0.22090714          0.00765881         -0.00819623          0.00286233          0.01209401         -0.00630908          0.00558364          0.36466664         -0.19341349          0.21891612          0.00518654         -0.00515652         -0.00645495
         -0.01177560         -0.11538959         -0.30650166          0.00202662          0.00369212          0.00721309         -0.00563208         -0.00559835          0.00142537          0.00120315          0.00133385          0.00518654          0.01417791          0.11596197          0.29267665
         -0.11538989          0.05227563          0.35951468         -0.00214044         -0.01313543          0.00288878          0.00082615         -0.00226004         -0.00917526          0.00074221         -0.00068592         -0.00515652          0.11596197         -0.03619423         -0.34807168
         -0.31271868          0.36697017          0.75424257          0.00660924         -0.01312042         -0.01439444          0.01121825         -0.00321463         -0.01167281          0.00221453         -0.00256344         -0.00645495          0.29267665         -0.34807168         -0.72172036
  
          0.02742776          0.12039910         -0.02186676         -0.01000865         -0.11964901          0.00797898         -0.01576956          0.00317302          0.00569093          0.00114423         -0.00053423          0.00812747         -0.00279378         -0.00338889          0.00006939
          0.12039910         -0.00000421          0.00000002         -0.12325788          0.00000407         -0.00000001          0.00480734         -0.00494445         -0.00185580          0.00063287          0.00344946          0.00426585         -0.00258144          0.00149513         -0.00241006
         -0.02186676          0.00000002         -0.02742611          0.00797899         -0.00000001          0.01000715          0.00523523         -0.00164812          0.00315092          0.00662593          0.00378855          0.00765881          0.00202662         -0.00214044          0.00660924
         -0.01000865         -0.12325788          0.00797899         -0.00061969          0.11301051          0.00049470          0.00191650          0.00680846         -0.00342248          0.00467734          0.00313400         -0.00479463          0.00403451          0.00030491         -0.00025658
         -0.11964901          0.00000407         -0.00000001          0.11301051         -0.00000397          0.00000000          0.00460345          0.02482333         -0.00115103          0.00201429         -0.01731751          0.00264580          0.00002075         -0.00750592         -0.00149477
          0.00797898         -0.00000001          0.01000715          0.00049470          0.00000000          0.00062110         -0.00234006         -0.00163348         -0.00566594         -0.00122806          0.00375469         -0.00206157         -0.00490556         -0.00212120         -0.00290075
         -0.01576956          0.00480734          0.00523523          0.00191650          0.00460345         -0.00234006          0.01613174         -0.01308180         -0.00414983         -0.00107377          0.00293724          0.00108357         -0.00120491          0.00073377          0.00017108
          0.00317302         -0.00494445         -0.00164812          0.00680846          0.02482333         -0.00163348         -0.01308180         -0.01824583          0.00446218          0.00273121         -0.00049379         -0.00162838          0.00036911         -0.00113927          0.00044780
          0.00569093         -0.00185580          0.00315092         -0.00342248         -0.00115103         -0.00566594         -0.00414983          0.00446218          0.00076160          0.00060415          0.00505165          0.00091495          0.00127722         -0.00650700          0.00083847
          0.00114423          0.00063287          0.00662593          0.00467734          0.00201429         -0.00122806         -0.00107377          0.00273121          0.00060415         -0.00410607         -0.00304452         -0.00596958         -0.00064173         -0.00233386         -0.00003244
         -0.00053423          0.00344946          0.00378855          0.00313400         -0.01731751          0.00375469          0.00293724         -0.00049379          0.00505165         -0.00304452          0.01272878         -0.01025704         -0.00249249          0.00163306         -0.00233784
          0.00812747          0.00426585          0.00765881         -0.00479463          0.00264580         -0.00206157          0.00108357         -0.00162838          0.00091495         -0.00596958         -0.01025704         -0.00767918          0.00155317          0.00497377          0.00116700
         -0.00279378         -0.00258144          0.00202662          0.00403451          0.00002075         -0.00490556         -0.00120491          0.00036911          0.00127722         -0.00064173         -0.00249249          0.00155317          0.00060592          0.00468407          0.00004855
         -0.00338889          0.00149513         -0.00214044          0.00030491         -0.00750592         -0.00212120          0.00073377         -0.00113927         -0.00650700         -0.00233386          0.00163306          0.00497377          0.00468407          0.00551700          0.00579487
          0.00006939         -0.00241006          0.00660924         -0.00025658         -0.00149477         -0.00290075          0.00017108          0.00044780          0.00083847         -0.00003244         -0.00233784          0.00116700          0.00004855          0.00579487         -0.00571396
  
          0.14276672         -0.00000430          0.00000001         -0.11964901          0.00000406         -0.00000001         -0.01361061         -0.01340163          0.00284299         -0.00721564          0.00934949         -0.00653517         -0.00229146          0.00405238          0.00369218
         -0.00000430         -1.12296643          0.00000253          0.00000407          1.07206809         -0.00000240          0.00733268          0.01696615         -0.00167335         -0.00511535          0.01696610         -0.00551359         -0.00221710          0.01696609          0.00718681
          0.00000001          0.00000253          0.14276697         -0.00000001         -0.00000240         -0.11964909          0.00284296          0.00305824         -0.00180123         -0.00653508          0.01007705         -0.00819623          0.00369212         -0.01313543         -0.01312042
         -0.11964901          0.00000407         -0.00000001          0.11301051         -0.00000397          0.00000000          0.00460345          0.02482333         -0.00115103          0.00201429         -0.01731751          0.00264580          0.00002075         -0.00750592         -0.00149477
          0.00000406          1.07206809         -0.00000240         -0.00000397         -1.05585618          0.00000234         -0.00111479         -0.00540414          0.00025440          0.00077765         -0.00540393          0.00083820          0.00033704         -0.00540384         -0.00109255
         -0.00000001         -0.00000240         -0.11964909          0.00000000          0.00000234          0.11301049         -0.00115100         -0.00566471         -0.00017765          0.00264569         -0.01866532          0.00241138         -0.00149469          0.02433009          0.00440487
         -0.01361061          0.00733268          0.00284296          0.00460345         -0.00111479         -0.00115100          0.00979786         -0.00747192         -0.00181266         -0.00049988          0.00106479          0.00073653         -0.00029082          0.00018924         -0.00061583
         -0.01340163          0.01696615          0.00305824          0.02482333         -0.00540414         -0.00566471         -0.00747192         -0.01242497          0.00170512         -0.00187991          0.00043148          0.00086685         -0.00206987          0.00043147          0.00003449
          0.00284299         -0.00167335         -0.00180123         -0.00115103          0.00025440         -0.00017765         -0.00181266          0.00170512          0.00226822         -0.00105003          0.00177529         -0.00004014          0.00117073         -0.00206147         -0.00024919
         -0.00721564         -0.00511535         -0.00653508          0.00201429          0.00077765          0.00264569         -0.00049988         -0.00187991         -0.00105003          0.00572053          0.00521254          0.00416683         -0.00001931          0.00100507          0.00077259
          0.00934949          0.01696610          0.01007705         -0.01731751         -0.00540393         -0.01866532          0.00106479          0.00043148          0.00177529          0.00521254         -0.01242511          0.00561834          0.00169069          0.00043146          0.00119464
         -0.00653517         -0.00551359         -0.00819623          0.00264580          0.00083820          0.00241138          0.00073653          0.00086685         -0.00004014          0.00416683          0.00561834          0.00634568         -0.00101400         -0.00180981         -0.00052070
         -0.00229146         -0.00221710          0.00369212          0.00002075          0.00033704         -0.00149469         -0.00029082         -0.00206987          0.00117073         -0.00001931          0.00169069         -0.00101400          0.00258084          0.00225923         -0.00235416
          0.00405238          0.01696609         -0.01313543         -0.00750592         -0.00540384          0.02433009          0.00018924          0.00043147         -0.00206147          0.00100507          0.00043146         -0.00180981          0.00225923         -0.01242518         -0.00732339
          0.00369218          0.00718681         -0.01312042         -0.00149477         -0.00109255          0.00440487         -0.00061583          0.00003449         -0.00024919          0.00077259          0.00119464         -0.00052070         -0.00235416         -0.00732339          0.00948544
  
         -0.02186680          0.00000002         -0.02742618          0.00797898         -0.00000001          0.01000714          0.00523524         -0.00164811          0.00315091          0.00662598          0.00378852          0.00765885          0.00202660         -0.00214042          0.00660928
          0.00000002          0.00000249          0.12039935         -0.00000001         -0.00000240         -0.12325796         -0.00185581          0.00112830         -0.00290149          0.00426590          0.00371781          0.00127291         -0.00241010         -0.00484620          0.00448720
         -0.02742618          0.12039935          0.02186584          0.01000715         -0.11964909         -0.00797810          0.00115399         -0.00367314         -0.00235563          0.00905195          0.00003411          0.00286233          0.00721309          0.00288878         -0.01439444
          0.00797898         -0.00000001          0.01000715          0.00049470          0.00000000          0.00062110         -0.00234006         -0.00163348         -0.00566594         -0.00122806          0.00375469         -0.00206157         -0.00490556         -0.00212120         -0.00290075
         -0.00000001         -0.00000240         -0.11964909          0.00000000          0.00000234          0.11301049         -0.00115100         -0.00566471         -0.00017765          0.00264569         -0.01866532          0.00241138         -0.00149469          0.02433009          0.00440487
          0.01000714         -0.12325796         -0.00797810          0.00062110          0.11301049         -0.00049553         -0.00092269          0.00002332          0.00319568         -0.00537058          0.00369758          0.00404740         -0.00433496          0.00652657          0.00123054
          0.00523524         -0.00185581          0.00115399         -0.00234006         -0.00115100         -0.00092269         -0.00449160          0.00446216         -0.00073596          0.00096583         -0.00193051          0.00017553          0.00063059          0.00047515          0.00032914
         -0.00164811          0.00112830         -0.00367314         -0.00163348         -0.00566471          0.00002332          0.00446216          0.00416375          0.00545353          0.00535377          0.00160056         -0.00208290         -0.00653435         -0.00122790          0.00027920
          0.00315091         -0.00290149         -0.00235563         -0.00566594         -0.00017765          0.00319568         -0.00073596          0.00545353          0.00063649          0.00172960         -0.00228893         -0.00045096          0.00152139         -0.00008545         -0.00102558
          0.00662598          0.00426590          0.00905195         -0.00122806          0.00264569         -0.00537058          0.00096583          0.00535377          0.00172960         -0.00709571         -0.01025699         -0.00663449          0.00073197         -0.00200837          0.00122351
          0.00378852          0.00371781          0.00003411          0.00375469         -0.01866532          0.00369758         -0.00193051          0.00160056         -0.00228893         -0.01025699          0.01371961         -0.00458358          0.00464430         -0.00037266          0.00314082
          0.00765885          0.00127291          0.00286233         -0.00206157          0.00241138          0.00404740          0.00017553         -0.00208290         -0.00045096         -0.00663449         -0.00458358         -0.00560692          0.00086167          0.00298219         -0.00085184
          0.00202660         -0.00241010          0.00721309         -0.00490556         -0.00149469         -0.00433496          0.00063059         -0.00653435          0.00152139          0.00073197          0.00464430          0.00086167          0.00151640          0.00579484         -0.00526119
         -0.00214042         -0.00484620          0.00288878         -0.00212120          0.02433009          0.00652657          0.00047515         -0.00122790         -0.00008545         -0.00200837         -0.00037266          0.00298219          0.00579484         -0.01788333         -0.01231208
          0.00660928          0.00448720         -0.01439444         -0.00290075          0.00440487          0.00123054          0.00032914          0.00027920         -0.00102558          0.00122351          0.00314082         -0.00085184         -0.00526119         -0.01231208          0.01504132
  
          0.81690912          0.38228717         -0.24682170         -0.01576956         -0.01361061          0.00523524         -0.78068714         -0.36346491          0.23100209         -0.00825724         -0.00235514          0.00069899         -0.01219518         -0.00285652          0.00988537
          0.38228717          0.03276860         -0.08884995          0.00480734          0.00733268         -0.00185581         -0.36226185         -0.04023958          0.08929060         -0.01364186          0.00113334         -0.00781510         -0.01119079         -0.00099504          0.00923026
         -0.24682170         -0.08884995         -0.07994145          0.00523523          0.00284296          0.00115399          0.23024530          0.08929069          0.05547521          0.01697325         -0.00410985          0.01209401         -0.00563208          0.00082615          0.01121825
         -0.01576956          0.00480734          0.00523523          0.00191650          0.00460345         -0.00234006          0.01613174         -0.01308180         -0.00414983         -0.00107377          0.00293724          0.00108357         -0.00120491          0.00073377          0.00017108
         -0.01361061          0.00733268          0.00284296          0.00460345         -0.00111479         -0.00115100          0.00979786         -0.00747192         -0.00181266         -0.00049988          0.00106479          0.00073653         -0.00029082          0.00018924         -0.00061583
          0.00523524         -0.00185581          0.00115399         -0.00234006         -0.00115100         -0.00092269         -0.00449160          0.00446216         -0.00073596          0.00096583         -0.00193051          0.00017553          0.00063059          0.00047515          0.00032914
         -0.78068714         -0.36226185          0.23024530          0.01613174          0.00979786         -0.00449160          0.77164056          0.35520595         -0.22337966         -0.01264061         -0.00390536          0.00016035          0.00555545          0.00116341         -0.00253438
         -0.36346491         -0.04023958          0.08929069         -0.01308180         -0.00747192          0.00446216          0.35520595          0.03835687         -0.08982547          0.01022582          0.00489384          0.00096757          0.01111494          0.00446078         -0.00489495
          0.23100209          0.08929060          0.05547521         -0.00414983         -0.00181266         -0.00073596         -0.22337966         -0.08982547         -0.04724286         -0.02019468         -0.00409003          0.00096850          0.01672207          0.00643755         -0.00846489
         -0.00825724         -0.01364186          0.01697325         -0.00107377         -0.00049988          0.00096583         -0.01264061          0.01022582         -0.02019468          0.02080799          0.00523125          0.00080750          0.00116362         -0.00131533          0.00144810
         -0.00235514          0.00113334         -0.00410985          0.00293724          0.00106479         -0.00193051         -0.00390536          0.00489384         -0.00409003          0.00523125         -0.00548722          0.00829177         -0.00190799         -0.00160475          0.00183861
          0.00069899         -0.00781510          0.01209401          0.00108357          0.00073653          0.00017553          0.00016035          0.00096757          0.00096850          0.00080750          0.00829177         -0.01449841         -0.00275041         -0.00218077          0.00126037
         -0.01219518         -0.01119079         -0.00563208         -0.00120491         -0.00029082          0.00063059          0.00555545          0.01111494          0.01672207          0.00116362         -0.00190799         -0.00275041          0.00668102          0.00227466         -0.00897017
         -0.00285652         -0.00099504          0.00082615          0.00073377          0.00018924          0.00047515          0.00116341          0.00446078          0.00643755         -0.00131533         -0.00160475         -0.00218077          0.00227466         -0.00205024         -0.00555809
          0.00988537          0.00923026          0.01121825          0.00017108         -0.00061583          0.00032914         -0.00253438         -0.00489495         -0.00846489          0.00144810          0.00183861          0.00126037         -0.00897017         -0.00555809         -0.00434288
  
          0.37483185          0.05333026         -0.08885019          0.00317302         -0.01340163         -0.00164811         -0.36346491         -0.03692305          0.08929070         -0.00572274         -0.00090879          0.00082869         -0.00881721         -0.00209680          0.00037891
          0.05333026         -0.10144843         -0.01216994         -0.00494445          0.01696615          0.00112830         -0.04023958          0.07843929          0.00918270         -0.00355466          0.00302150          0.00320137         -0.00459158          0.00302148         -0.00134243
         -0.08885019         -0.01216994          0.00575850         -0.00164812          0.00305824         -0.00367314          0.08929069          0.00842586          0.00743836          0.00680597          0.00294588         -0.00630908         -0.00559835         -0.00226004         -0.00321463
          0.00317302         -0.00494445         -0.00164812          0.00680846          0.02482333         -0.00163348         -0.01308180         -0.01824583          0.00446218          0.00273121         -0.00049379         -0.00162838          0.00036911         -0.00113927          0.00044780
         -0.01340163          0.01696615          0.00305824          0.02482333         -0.00540414         -0.00566471         -0.00747192         -0.01242497          0.00170512         -0.00187991          0.00043148          0.00086685         -0.00206987          0.00043147          0.00003449
         -0.00164811          0.00112830         -0.00367314         -0.00163348         -0.00566471          0.00002332          0.00446216          0.00416375          0.00545353          0.00535377          0.00160056         -0.00208290         -0.00653435         -0.00122790          0.00027920
         -0.36346491         -0.04023958          0.08929069         -0.01308180         -0.00747192          0.00446216          0.35520595          0.03835687         -0.08982547          0.01022582          0.00489384          0.00096757          0.01111494          0.00446078         -0.00489495
         -0.03692305          0.07843929          0.00842586         -0.01824583         -0.01242497          0.00416375          0.03835687         -0.06067833         -0.00875311          0.00829154         -0.00266799         -0.00241980          0.00852047         -0.00266800         -0.00141670
          0.08929070          0.00918270          0.00743836          0.00446218          0.00170512          0.00545353         -0.08982547         -0.00875311         -0.01791877         -0.00674152         -0.00011849          0.00295798          0.00281412         -0.00201622          0.00206890
         -0.00572274         -0.00355466          0.00680597          0.00273121         -0.00187991          0.00535377          0.01022582          0.00829154         -0.00674152         -0.00455663         -0.00397652         -0.00313521         -0.00267765          0.00111955         -0.00228301
         -0.00090879          0.00302150          0.00294588         -0.00049379          0.00043148          0.00160056          0.00489384         -0.00266799         -0.00011849         -0.00397652         -0.00266791         -0.00285507          0.00048526          0.00188292         -0.00157288
          0.00082869          0.00320137         -0.00630908         -0.00162838          0.00086685         -0.00208290          0.00096757         -0.00241980          0.00295798         -0.00313521         -0.00285507          0.00669032          0.00296733          0.00120665         -0.00125632
         -0.00881721         -0.00459158         -0.00559835          0.00036911         -0.00206987         -0.00653435          0.01111494          0.00852047          0.00281412         -0.00267765          0.00048526          0.00296733          0.00001081         -0.00234427          0.00635125
         -0.00209680          0.00302148         -0.00226004         -0.00113927          0.00043147         -0.00122790          0.00446078         -0.00266800         -0.00201622          0.00111955          0.00188292          0.00120665         -0.00234427         -0.00266788          0.00429752
          0.00037891         -0.00134243         -0.00321463          0.00044780          0.00003449          0.00027920         -0.00489495         -0.00141670          0.00206890         -0.00228301         -0.00157288         -0.00125632          0.00635125          0.00429752          0.00212284
  
         -0.24212967         -0.08884997         -0.05938047          0.00569093          0.00284299          0.00315091          0.23100209          0.08929070          0.05879154          0.00463707          0.00186750          0.00129829          0.00079958         -0.00515122         -0.00386027
         -0.08884997         -0.00747775          0.01321479         -0.00185580         -0.00167335         -0.00290149          0.08929060          0.00918270          0.00864104          0.00413945          0.00464760         -0.00825161         -0.00272429         -0.00467921         -0.01070272
         -0.05938047          0.01321479          0.07395220          0.00315092         -0.00180123         -0.00235563          0.05547521          0.00743836         -0.06550739         -0.00067102         -0.00967665          0.00558364          0.00142537         -0.00917526         -0.01167281
          0.00569093         -0.00185580          0.00315092         -0.00342248         -0.00115103         -0.00566594         -0.00414983          0.00446218          0.00076160          0.00060415          0.00505165          0.00091495          0.00127722         -0.00650700          0.00083847
          0.00284299         -0.00167335         -0.00180123         -0.00115103          0.00025440         -0.00017765         -0.00181266          0.00170512          0.00226822         -0.00105003          0.00177529         -0.00004014          0.00117073         -0.00206147         -0.00024919
          0.00315091         -0.00290149         -0.00235563         -0.00566594         -0.00017765          0.00319568         -0.00073596          0.00545353          0.00063649          0.00172960         -0.00228893         -0.00045096          0.00152139         -0.00008545         -0.00102558
          0.23100209          0.08929060          0.05547521         -0.00414983         -0.00181266         -0.00073596         -0.22337966         -0.08982547         -0.04724286         -0.02019468         -0.00409003          0.00096850          0.01672207          0.00643755         -0.00846489
          0.08929070          0.00918270          0.00743836          0.00446218          0.00170512          0.00545353         -0.08982547         -0.00875311         -0.01791877         -0.00674152         -0.00011849          0.00295798          0.00281412         -0.00201622          0.00206890
          0.05879154          0.00864104         -0.06550739          0.00076160          0.00226822          0.00063649         -0.04724286         -0.01791877          0.05807083          0.00308126          0.00603914          0.00265897         -0.01539155          0.00097037          0.00414110
          0.00463707          0.00413945         -0.00067102          0.00060415         -0.00105003          0.00172960         -0.02019468         -0.00674152          0.00308126          0.01643435          0.00058257         -0.00128513         -0.00148090          0.00306953         -0.00285470
          0.00186750          0.00464760         -0.00967665          0.00505165          0.00177529         -0.00228893         -0.00409003         -0.00011849          0.00603914          0.00058257         -0.00667060          0.00795241         -0.00341169          0.00036620         -0.00202598
          0.00129829         -0.00825161          0.00558364          0.00091495         -0.00004014         -0.00045096          0.00096850          0.00295798          0.00265897         -0.00128513          0.00795241         -0.00871941         -0.00189660         -0.00261864          0.00092775
