0.53894834	0.00000065	0.00000064	-0.04496087	-0.0000008	-0.00000021	-0.27251365	-0.08252056	0.05192729	-0.15570706	0.05756877	-0.11936505	-0.06576676	0.02495195	0.06743732
0.00000065	0.53896341	-0.00000009	-0.00000099	-0.31429772	0.00000055	-0.0825205	-0.07488795	0.0188313	0.05756882	-0.07488868	0.06204961	0.02495206	-0.07488906	-0.08088137
0.00000064	-0.00000009	0.53894864	-0.0000001	0.00000048	-0.04496128	0.05192772	0.01883136	-0.05681189	-0.11936492	0.06204955	-0.17361751	0.06743742	-0.08088124	-0.26355796
-0.04496087	-0.00000099	-0.0000001	0.04454864	0.00000088	0.00000004	0.00175541	-0.03061701	-0.00077898	0.00000317	0.02135935	0.0017911	-0.00134641	0.0092578	-0.00101192
-0.0000008	-0.31429772	0.00000048	0.00000088	0.34136451	-0.00000054	0.00040578	-0.00902215	-0.00009259	-0.00028313	-0.00902229	-0.00030512	-0.00012273	-0.00902235	0.00039777
-0.00000021	0.00000055	-0.04496128	0.00000004	-0.00000054	0.0445489	-0.00077943	0.00698681	-0.00148086	0.00179119	0.0230218	0.00027183	-0.00101204	-0.03000868	0.00162149
-0.27251365	-0.0825205	0.05192772	0.00175541	0.00040578	-0.00077943	0.29531935	0.0909399	-0.05722567	-0.01754373	-0.00675578	0.00509805	-0.00701708	-0.00206939	0.00097951
-0.08252056	-0.07488795	0.01883136	-0.03061701	-0.00902215	0.00698681	0.0909399	0.07752855	-0.02075263	0.01079926	0.00319076	-0.00384535	0.01139841	0.00319079	-0.00122019
0.05192729	0.0188313	-0.05681189	-0.00077898	-0.00009259	-0.00148086	-0.05722567	-0.02075263	0.05760879	-0.0208833	-0.00926108	0.00560518	0.02696066	0.011275	-0.00492122
-0.15570706	0.05756882	-0.11936492	0.00000317	-0.00028313	0.00179119	-0.01754373	0.01079926	-0.0208833	0.16659448	-0.0634425	0.13154384	0.00665315	-0.00464246	0.0069132
0.05756877	-0.07488868	0.06204955	0.02135935	-0.00902229	0.0230218	-0.00675578	0.00319076	-0.00926108	-0.0634425	0.07752936	-0.06838047	-0.00872983	0.00319085	-0.0074298
-0.11936505	0.06204961	-0.17361751	0.0017911	-0.00030512	0.00027183	0.00509805	-0.00384535	0.00560518	0.13154384	-0.06838047	0.18633216	-0.01906794	0.01048133	-0.01859166
-0.06576676	0.02495206	0.06743742	-0.00134641	-0.00012273	-0.00101204	-0.00701708	0.01139841	0.02696066	0.00665315	-0.00872983	-0.01906794	0.06747709	-0.0274979	-0.0743181
0.02495195	-0.07488906	-0.08088124	0.0092578	-0.00902235	-0.03000868	-0.00206939	0.00319079	0.011275	-0.00464246	0.00319085	0.01048133	-0.0274979	0.07752977	0.0891336
0.06743732	-0.08088137	-0.26355796	-0.00101192	0.00039777	0.00162149	0.00097951	-0.00122019	-0.00492122	0.0069132	-0.0074298	-0.01859166	-0.0743181	0.0891336	0.28544935

