0.52819827 -0.01876654 0.0745302 -0.01360349 -0.00110156 0.00287762 -0.41645581 -0.01652285 0.09189139 -0.09792586 0.03557182 -0.16994607 -0.00107183 -0.00195446 0.00139449 0.00085872 0.00277358 -0.00074763
-0.01876654 0.03386715 -0.08988776 0.00427847 0.00647747 0.00511471 -0.00504313 -0.01626689 0.00785771 0.0229436 -0.02132746 0.08108741 -0.00233358 -0.00135496 -0.00091903 -0.00111045 -0.00139531 -0.00325304
0.0745302 -0.08988776 0.48004315 0.00302879 0.00095921 0.0031028 0.03776244 0.00818933 -0.0624024 -0.11633736 0.08105487 -0.42014901 0.0002519 0.00041083 -0.00010995 0.00076582 -0.00072185 -0.00048459
-0.01360349 0.00427847 0.00302879 0.4473939 -0.03942674 0.00096068 -0.00874752 -0.00031296 0.00415546 -0.00099192 -0.00412702 0.00110581 -0.21502727 0.18037191 0.02285994 -0.20902109 -0.14081552 -0.03210889
-0.00110156 0.00647747 0.00095921 -0.03942674 0.58032827 0.09517274 -0.00342652 -0.0104246 0.00107105 -0.00057331 -0.00087641 0.00023598 0.23797758 -0.30475617 -0.0406285 -0.1934507 -0.27087318 -0.05680988
0.00287762 0.00511471 0.0031028 0.00096068 0.09517274 0.05491764 0.00141267 -0.00351563 -0.00381826 0.00114163 -0.00201463 -0.00042956 0.03605484 -0.0455307 -0.01594297 -0.04244744 -0.04922648 -0.03782964
-0.41645581 -0.00504313 0.03776244 -0.00874752 -0.00342652 0.00141267 0.43704513 0.00434974 -0.04290319 -0.02065097 -0.00111869 0.00591617 0.00181401 0.00379773 -0.00049534 0.00699516 0.00144088 -0.00169275
-0.01652285 -0.01626689 0.00818933 -0.00031296 -0.0104246 -0.00351563 0.00434974 0.01981019 -0.00628491 0.00950931 0.00260473 0.00037056 0.00328497 0.00174006 -0.00081677 -0.00030821 0.0025365 0.00205742
0.09189139 0.00785771 -0.0624024 0.00415546 0.00107105 -0.00381826 -0.04290319 -0.00628491 0.06650724 -0.04808351 0.00013085 -0.00033717 -0.00074187 -0.00099927 -0.0003797 -0.00431828 -0.00177544 0.00043029
-0.09792586 0.0229436 -0.11633736 -0.00099192 -0.00057331 0.00114163 -0.02065097 0.00950931 -0.04808351 0.11869491 -0.032153 0.16301623 0.00029101 0.00011732 0.00004862 0.00058282 0.00015608 0.00021438
0.03557182 -0.02132746 0.08105487 -0.00412702 -0.00087641 -0.00201463 -0.00111869 0.00260473 0.00013085 -0.032153 0.01914874 -0.08162551 0.00074936 0.00067094 0.00092976 0.00107856 -0.00021899 0.00152869
-0.16994607 0.08108741 -0.42014901 0.00110581 0.00023598 -0.00042956 0.00591617 0.00037056 -0.00033717 0.16301623 -0.08162551 0.42090633 -0.00004853 -0.00003458 0.00008882 -0.00004361 -0.00003386 -0.00007941
-0.00107183 -0.00233358 0.0002519 -0.21502727 0.23797758 0.03605484 0.00181401 0.00328497 -0.00074187 0.00029101 0.00074936 -0.00004853 0.20592444 -0.20846407 -0.02929697 0.00806964 -0.03121426 -0.00621937
-0.00195446 -0.00135496 0.00041083 0.18037191 -0.30475617 -0.0455307 0.00379773 0.00174006 -0.00099927 0.00011732 0.00067094 -0.00003458 -0.20846407 0.32541653 0.04944373 0.02613156 -0.0217164 -0.00329
0.00139449 -0.00091903 -0.00010995 0.02285994 -0.0406285 -0.01594297 -0.00049534 -0.00081677 -0.0003797 0.00004862 0.00092976 0.00008882 -0.02929697 0.04944373 0.0156334 0.00548925 -0.00800919 0.0007104
0.00085872 -0.00111045 0.00076582 -0.20902109 -0.1934507 -0.04244744 0.00699516 -0.00030821 -0.00431828 0.00058282 0.00107856 -0.00004361 0.00806964 0.02613156 0.00548925 0.19251475 0.16765924 0.04055426
0.00277358 -0.00139531 -0.00072185 -0.14081552 -0.27087318 -0.04922648 0.00144088 0.0025365 -0.00177544 0.00015608 -0.00021899 -0.00003386 -0.03121426 -0.0217164 -0.00800919 0.16765924 0.29166738 0.05976681
-0.00074763 -0.00325304 -0.00048459 -0.03210889 -0.05680988 -0.03782964 -0.00169275 0.00205742 0.00043029 0.00021438 0.00152869 -0.00007941 -0.00621937 -0.00329 0.0007104 0.04055426 0.05976681 0.03725296

