-29.65511817	-45.21373393	-2.27927768	31.17829233	-2.69090398	36.25709596	0.95634341	0.67181671	3.60442423	-0.81407753	40.51828009	0.12354845	0.98638224	-1.5648365	6.36088194	-2.65182227	8.27937761	-44.0666729
-45.21373393	-45.35265148	0.12380088	34.70082707	11.47465334	48.92651829	0.38209333	-3.55763174	1.06485566	-0.42572037	38.28522461	-0.24881356	1.08037287	-0.74692875	4.07533877	10.87493241	-0.10266597	-53.94170004
-2.27927768	0.12380088	5.94340903	1.29561252	0.09461225	-0.52434365	-0.65121056	-0.15135583	-4.13646274	1.43934593	-0.23167888	-1.39699852	-0.09488732	0.02447994	-0.01891904	0.29041889	0.14014627	0.13331492
31.17829233	34.70082707	1.29561252	-71.47229854	11.93357592	-27.02612643	-0.36109765	-0.75111118	-4.50539566	-2.86002388	-43.12207043	1.18279989	-9.30690678	-0.23793867	-5.91710214	52.82203712	-1.12451156	34.9702136
-2.69090398	11.47465334	0.09461225	11.93357592	-75.80246449	-2.11646818	0.06874007	-2.03440781	-0.43079376	-0.01810755	8.01755671	0.00416049	-2.94016325	-3.56386448	1.07741008	-6.35314247	65.59451661	1.37107973
36.25709596	48.92651829	-0.52434365	-27.02612643	-2.11646818	-35.98831304	-0.5465438	0.10675141	-0.36955311	0.18462416	-41.04269118	0.12938296	-0.51649194	2.13387658	-9.29772225	-8.35255795	-8.00798692	46.05054909
0.95634341	0.38209333	-0.65121056	-0.36109765	0.06874007	-0.5465438	-0.20107555	-0.14716299	0.92790608	0.0087262	-0.17039222	-0.01725666	-0.06377363	-0.09962367	-0.0176429	-0.33912277	-0.03365453	0.30474784
0.67181671	-3.55763174	-0.15135583	-0.75111118	-2.03440781	0.10675141	-0.14716299	4.46077445	-0.0165412	0.02855354	0.08820557	-0.00421618	-0.15930687	-0.10123358	0.03072813	0.35721079	1.14429311	0.03463367
3.60442423	1.06485566	-4.13646274	-4.50539566	-0.43079376	-0.36955311	0.92790608	-0.0165412	3.75455391	-0.13097932	-0.73972356	-0.0183266	-0.00479981	0.03188847	-0.13284163	0.10884448	0.09031438	0.90263017
-0.81407753	-0.42572037	1.43934593	-2.86002388	-0.01810755	0.18462416	0.0087262	0.02855354	-0.13097932	3.57505808	0.36170338	-1.36883332	-0.01494733	-0.0010471	0.01101234	0.10526447	0.0546181	-0.13516979
40.51828009	38.28522461	-0.23167888	-43.12207043	8.01755671	-41.04269118	-0.17039222	0.08820557	-0.73972356	0.36170338	-38.47245369	0.22660982	-1.95861642	1.37251804	-3.74849354	4.37109661	-9.29104969	45.53598136
0.12354845	-0.24881356	-1.39699852	1.18279989	0.00416049	0.12938296	-0.01725666	-0.00421618	-0.0183266	-1.36883332	0.22660982	1.44806047	-0.00770751	-0.00413526	0.02338166	0.08744914	0.02639468	-0.18549997
0.98638224	1.08037287	-0.09488732	-9.30690678	-2.94016325	-0.51649194	-0.06377363	-0.15930687	-0.00479981	-0.01494733	-1.95861642	-0.00770751	1.32933258	2.01172347	-0.45020436	7.06991292	1.96599019	1.07409094
-1.5648365	-0.74692875	0.02447994	-0.23793867	-3.56386448	2.13387658	-0.09962367	-0.10123358	0.03188847	-0.0010471	1.37251804	-0.00413526	2.01172347	0.53720252	-0.02850199	-0.10827753	2.50230625	-2.15760774
6.36088194	4.07533877	-0.01891904	-5.91710214	1.07741008	-9.29772225	-0.0176429	0.03072813	-0.13284163	0.01101234	-3.74849354	0.02338166	-0.45020436	-0.02850199	3.49920917	0.01305512	-1.40648145	5.92689208
-2.65182227	10.87493241	0.29041889	52.82203712	-6.35314247	-8.35255795	-0.33912277	0.35721079	0.10884448	0.10526447	4.37109661	0.08744914	7.06991292	-0.10827753	0.01305512	-57.00626947	-9.14181982	7.85279032
8.27937761	-0.10266597	0.14014627	-1.12451156	65.59451661	-8.00798692	-0.03365453	1.14429311	0.09031438	0.0546181	-9.29104969	0.02639468	1.96599019	2.50230625	-1.40648145	-9.14181982	-59.8474003	9.15761302
-44.0666729	-53.94170004	0.13331492	34.9702136	1.37107973	46.05054909	0.30474784	0.03463367	0.90263017	-0.13516979	45.53598136	-0.18549997	1.07409094	-2.15760774	5.92689208	7.85279032	9.15761302	-52.82788628

