            
	1.86037873          0.08418403         -0.45914557         -0.00120729         -0.00028145          0.00154733         -1.69543680         -0.06793638          0.37582016         -0.16399944         -0.01606669          0.08230714          0.00012989          0.00033109         -0.00020906          0.00013491         -0.00023061         -0.00032000
          0.08418403         -0.18817891          0.13007024         -0.00071555          0.00345524          0.00046537         -0.06113396          0.24268709          0.02608908         -0.02216698         -0.05755910         -0.15650779         -0.00072252         -0.00025732          0.00006445          0.00055498         -0.00014701         -0.00018135
         -0.45914557          0.13007024         -0.82026232          0.00375202          0.00045685          0.00113764          0.34037351          0.02623582          0.10802638          0.11416144         -0.15664405          0.71092176          0.00030601          0.00010437          0.00014714          0.00055258         -0.00022323          0.00002940
         -0.00120729         -0.00071555          0.00375202          0.02571677          0.00097522         -0.00550592         -0.02775384         -0.00105115          0.00580130         -0.00050064          0.00011483         -0.00056724          0.00187966          0.00195446         -0.00142965          0.00186533         -0.00127781         -0.00205051
         -0.00028145          0.00345524          0.00045685          0.00097522         -0.01132913         -0.00206413         -0.00138410          0.00273633          0.00049980          0.00010015          0.00067233          0.00009487          0.00175957          0.00279491         -0.00098771         -0.00116939          0.00167032          0.00200031
          0.00154733          0.00046537          0.00113764         -0.00550592         -0.00206413         -0.00105189          0.00751872          0.00049570          0.00018382         -0.00048555          0.00009322          0.00021519         -0.00125512         -0.00081487         -0.00081467         -0.00181946          0.00182471          0.00032991
         -1.69543680         -0.06113396          0.34037351         -0.02775384         -0.00138410          0.00751872          1.70865891          0.06636790         -0.36742839          0.01834398         -0.00333217          0.01685267         -0.00191258         -0.00273777          0.00085960         -0.00189967          0.00222010          0.00182389
         -0.06793638          0.24268709          0.02623582         -0.00105115          0.00273633          0.00049570          0.06636790         -0.22883996         -0.02093204          0.00286818         -0.01573890         -0.00566639         -0.00001775         -0.00063124          0.00017043         -0.00023080         -0.00021333         -0.00030351
          0.37582016          0.02608908          0.10802638          0.00580130          0.00049980          0.00018382         -0.36742839         -0.02093204         -0.11998701         -0.01551590         -0.00552765          0.01199927          0.00068421          0.00075366          0.00010277          0.00063863         -0.00088285         -0.00032524
         -0.16399944         -0.02216698          0.11416144         -0.00050064          0.00010015         -0.00048555          0.01834398          0.00286818         -0.01551590          0.14641979          0.01924659         -0.09840564         -0.00013286         -0.00013546          0.00010178         -0.00013083          0.00008751          0.00014387
         -0.01606669         -0.05755910         -0.15664405          0.00011483          0.00067233          0.00009322         -0.00333217         -0.01573890         -0.00552765          0.01924659          0.07274070          0.16209273         -0.00011380         -0.00007116          0.00014072          0.00015123         -0.00004387         -0.00015497
          0.08230714         -0.15650779          0.71092176         -0.00056724          0.00009487          0.00021519          0.01685267         -0.00566639          0.01199927         -0.09840564          0.16209273         -0.72308666         -0.00011966         -0.00008280         -0.00001043         -0.00006727          0.00006938         -0.00003912
          0.00012989         -0.00072252          0.00030601          0.00187966          0.00175957         -0.00125512         -0.00191258         -0.00001775          0.00068421         -0.00013286         -0.00011380         -0.00011966          0.00028287         -0.00016022          0.00053389         -0.00024700         -0.00074528         -0.00014934
          0.00033109         -0.00025732          0.00010437          0.00195446          0.00279491         -0.00081487         -0.00273777         -0.00063124          0.00075366         -0.00013546         -0.00007116         -0.00008280         -0.00016022         -0.00129873          0.00036292          0.00074789         -0.00053646         -0.00032328
         -0.00020906          0.00006445          0.00014714         -0.00142965         -0.00098771         -0.00081467          0.00085960          0.00017043          0.00010277          0.00010178          0.00014072         -0.00001043          0.00053389          0.00036292          0.00092869          0.00014343          0.00024919         -0.00035350
          0.00013491          0.00055498          0.00055258          0.00186533         -0.00116939         -0.00181946         -0.00189967         -0.00023080          0.00063863         -0.00013083          0.00015123         -0.00006727         -0.00024700          0.00074789          0.00014343          0.00027725         -0.00005391          0.00055209
         -0.00023061         -0.00014701         -0.00022323         -0.00127781          0.00167032          0.00182471          0.00222010         -0.00021333         -0.00088285          0.00008751         -0.00004387          0.00006938         -0.00074528         -0.00053646          0.00024919         -0.00005391         -0.00072965         -0.00103720
         -0.00032000         -0.00018135          0.00002940         -0.00205051          0.00200031          0.00032991          0.00182389         -0.00030351         -0.00032524          0.00014387         -0.00015497         -0.00003912         -0.00014934         -0.00032328         -0.00035350          0.00055209         -0.00103720          0.00035854
  
          0.08418403         -0.18817891          0.13007024         -0.00071555          0.00345524          0.00046537         -0.06113396          0.24268709          0.02608908         -0.02216698         -0.05755910         -0.15650779         -0.00072252         -0.00025732          0.00006445          0.00055498         -0.00014701         -0.00018135
         -0.18817891         -0.17484567          0.24072173          0.00179007          0.00046223         -0.00001488          0.20270922          0.03520013         -0.07626485         -0.01690965          0.13928476         -0.16421696          0.00017847          0.00080062         -0.00007551          0.00041079         -0.00090207         -0.00014952
          0.13007024          0.24072173          0.40016202         -0.00047802         -0.00126790          0.00041193          0.00978680         -0.05093712         -0.01837369         -0.13941591         -0.18884053         -0.38238984          0.00031793          0.00007658          0.00039497         -0.00028103          0.00024724         -0.00020539
         -0.00071555          0.00179007         -0.00047802          0.00114041         -0.00258249         -0.00039134         -0.00055955          0.00212064          0.00037516         -0.00025633          0.00047617          0.00055670          0.00013329         -0.00074501         -0.00031666          0.00025773         -0.00105940          0.00025416
          0.00345524          0.00046223         -0.00126790         -0.00258249         -0.00114099          0.00148065          0.00250205          0.00031483         -0.00077749          0.00103430         -0.00000433          0.00040058         -0.00207132         -0.00000809          0.00027683         -0.00233778          0.00037635         -0.00011267
          0.00046537         -0.00001488          0.00041193         -0.00039134          0.00148065          0.00071236         -0.00001023         -0.00083415         -0.00022672          0.00034939         -0.00020002         -0.00032744         -0.00020117         -0.00012147         -0.00099771         -0.00021203         -0.00031013          0.00042758
         -0.06113396          0.20270922          0.00978680         -0.00055955          0.00250205         -0.00001023          0.05525177         -0.21840923         -0.01705438          0.00661472          0.01358101          0.00734289         -0.00035061         -0.00026885          0.00015024          0.00017762         -0.00011420         -0.00021532
          0.24268709          0.03520013         -0.05093712          0.00212064          0.00031483         -0.00083415         -0.21840923         -0.02753316          0.05821300         -0.02721674         -0.00792543         -0.00645092          0.00043311         -0.00047120         -0.00013713          0.00038513          0.00041482          0.00014631
          0.02608908         -0.07626485         -0.01837369          0.00037516         -0.00077749         -0.00022672         -0.01705438          0.05821300          0.01069797         -0.00948390          0.01868359          0.00782176          0.00005015          0.00013645          0.00012067          0.00002388          0.00000930         -0.00004000
         -0.02216698         -0.01690965         -0.13941591         -0.00025633          0.00103430          0.00034939          0.00661472         -0.02721674         -0.00948390          0.01585524          0.04326785          0.14849524         -0.00021101         -0.00013904          0.00017730          0.00016435         -0.00003672         -0.00012211
         -0.05755910          0.13928476         -0.18884053          0.00047617         -0.00000433         -0.00020002          0.01358101         -0.00792543          0.01868359          0.04326785         -0.13145034          0.17047771          0.00013733          0.00014695          0.00000690          0.00009673         -0.00005161         -0.00012764
         -0.15650779         -0.16421696         -0.38238984          0.00055670          0.00040058         -0.00032744          0.00734289         -0.00645092          0.00782176          0.14849524          0.17047771          0.37497035         -0.00001671         -0.00005298         -0.00007712          0.00012968         -0.00015743          0.00000228
         -0.00072252          0.00017847          0.00031793          0.00013329         -0.00207132         -0.00020117         -0.00035061          0.00043311          0.00005015         -0.00021101          0.00013733         -0.00001671          0.00115028          0.00080501         -0.00021177          0.00000057          0.00051739          0.00006156
         -0.00025732          0.00080062          0.00007658         -0.00074501         -0.00000809         -0.00012147         -0.00026885         -0.00047120          0.00013645         -0.00013904          0.00014695         -0.00005298          0.00080501         -0.00043393         -0.00006897          0.00060520         -0.00003435          0.00003040
          0.00006445         -0.00007551          0.00039497         -0.00031666          0.00027683         -0.00099771          0.00015024         -0.00013713          0.00012067          0.00017730          0.00000690         -0.00007712         -0.00021177         -0.00006897          0.00058400          0.00013644         -0.00000212         -0.00002481
          0.00055498          0.00041079         -0.00028103          0.00025773         -0.00233778         -0.00021203          0.00017762          0.00038513          0.00002388          0.00016435          0.00009673          0.00012968          0.00000057          0.00060520          0.00013644         -0.00115526          0.00083993          0.00020307
         -0.00014701         -0.00090207          0.00024724         -0.00105940          0.00037635         -0.00031013         -0.00011420          0.00041482          0.00000930         -0.00003672         -0.00005161         -0.00015743          0.00051739         -0.00003435         -0.00000212          0.00083993          0.00019686          0.00021313
         -0.00018135         -0.00014952         -0.00020539          0.00025416         -0.00011267          0.00042758         -0.00021532          0.00014631         -0.00004000         -0.00012211         -0.00012764          0.00000228          0.00006156          0.00003040         -0.00002481          0.00020307          0.00021313         -0.00015966
  
         -0.45914557          0.13007024         -0.82026232          0.00375202          0.00045685          0.00113764          0.34037351          0.02623582          0.10802638          0.11416144         -0.15664405          0.71092176          0.00030601          0.00010437          0.00014714          0.00055258         -0.00022323          0.00002940
          0.13007024          0.24072173          0.40016202         -0.00047802         -0.00126790          0.00041193          0.00978680         -0.05093712         -0.01837369         -0.13941591         -0.18884053         -0.38238984          0.00031793          0.00007658          0.00039497         -0.00028103          0.00024724         -0.00020539
         -0.82026232          0.40016202         -1.38062681          0.00408702          0.00015972         -0.00334202          0.14929519         -0.01354605         -0.04536999          0.66647869         -0.38707212          1.43011310          0.00032444          0.00107270         -0.00007856          0.00007699         -0.00077627         -0.00069571
          0.00375202         -0.00047802          0.00408702         -0.00623744         -0.00038660         -0.00055815          0.00327393          0.00038313          0.00018527          0.00134283          0.00055091         -0.00226242         -0.00108082         -0.00054612         -0.00088838         -0.00105052          0.00047669         -0.00056335
          0.00045685         -0.00126790          0.00015972         -0.00038660          0.00261946          0.00093433          0.00000211         -0.00000730         -0.00006555          0.00034504         -0.00007237         -0.00029621         -0.00089168         -0.00060616         -0.00075052          0.00047428         -0.00066574          0.00001824
          0.00113764          0.00041193         -0.00334202         -0.00055815          0.00093433         -0.00019528          0.00244820         -0.00008235         -0.00053987         -0.00068864         -0.00041733          0.00174340         -0.00130650         -0.00029882          0.00096383         -0.00103254         -0.00054777          0.00136994
          0.34037351          0.00978680          0.14929519          0.00327393          0.00000211          0.00244820         -0.31023751         -0.01726782         -0.12874366         -0.03435063          0.00753949         -0.02290418          0.00041898          0.00019697          0.00003580          0.00052171         -0.00025755         -0.00013134
          0.02623582         -0.05093712         -0.01354605          0.00038313         -0.00000730         -0.00008235         -0.01726782          0.02705673          0.00465036         -0.00942602          0.02378821          0.00890667         -0.00009688          0.00009049          0.00024264          0.00017177          0.00000899         -0.00017126
          0.10802638         -0.01837369         -0.04536999          0.00018527         -0.00006555         -0.00053987         -0.12874366          0.00465036          0.06916208          0.02009400          0.01369219         -0.02303606          0.00019240         -0.00080247         -0.00021986          0.00024561          0.00089916          0.00000369
          0.11416144         -0.13941591          0.66647869          0.00134283          0.00034504         -0.00068864         -0.03435063         -0.00942602          0.02009400         -0.08139770          0.14844154         -0.68543071          0.00008574          0.00013574         -0.00017496          0.00015831         -0.00008038         -0.00027837
         -0.15664405         -0.18884053         -0.38707212          0.00055091         -0.00007237         -0.00041733          0.00753949          0.02378821          0.01369219          0.14844154          0.16524332          0.37385317          0.00003442          0.00001883         -0.00020365          0.00007769         -0.00013745          0.00014773
          0.71092176         -0.38238984          1.43011310         -0.00226242         -0.00029621          0.00174340         -0.02290418          0.00890667         -0.02303606         -0.68543071          0.37385317         -1.40883451         -0.00018187         -0.00012930         -0.00005967         -0.00014258          0.00005551          0.00007374
          0.00030601          0.00031793          0.00032444         -0.00108082         -0.00089168         -0.00130650          0.00041898         -0.00009688          0.00019240          0.00008574          0.00003442         -0.00018187          0.00025562          0.00027340          0.00085267          0.00001447          0.00036281          0.00011886
          0.00010437          0.00007658          0.00107270         -0.00054612         -0.00060616         -0.00029882          0.00019697          0.00009049         -0.00080247          0.00013574          0.00001883         -0.00012930          0.00027340          0.00028077          0.00023855         -0.00016436          0.00013950         -0.00008067
          0.00014714          0.00039497         -0.00007856         -0.00088838         -0.00075052          0.00096383          0.00003580          0.00024264         -0.00021986         -0.00017496         -0.00020365         -0.00005967          0.00085267          0.00023855         -0.00076656          0.00002773          0.00007801          0.00016081
          0.00055258         -0.00028103          0.00007699         -0.00105052          0.00047428         -0.00103254          0.00052171          0.00017177          0.00024561          0.00015831          0.00007769         -0.00014258          0.00001447         -0.00016436          0.00002773         -0.00019654         -0.00027834          0.00082480
         -0.00022323          0.00024724         -0.00077627          0.00047669         -0.00066574         -0.00054777         -0.00025755          0.00000899          0.00089916         -0.00008038         -0.00013745          0.00005551          0.00036281          0.00013950          0.00007801         -0.00027834          0.00040745          0.00029136
          0.00002940         -0.00020539         -0.00069571         -0.00056335          0.00001824          0.00136994         -0.00013134         -0.00017126          0.00000369         -0.00027837          0.00014773          0.00007374          0.00011886         -0.00008067          0.00016081          0.00082480          0.00029136         -0.00091245
  
         -0.00120729         -0.00071555          0.00375202          0.02571677          0.00097522         -0.00550592         -0.02775384         -0.00105115          0.00580130         -0.00050064          0.00011483         -0.00056724          0.00187966          0.00195446         -0.00142965          0.00186533         -0.00127781         -0.00205051
         -0.00071555          0.00179007         -0.00047802          0.00114041         -0.00258249         -0.00039134         -0.00055955          0.00212064          0.00037516         -0.00025633          0.00047617          0.00055670          0.00013329         -0.00074501         -0.00031666          0.00025773         -0.00105940          0.00025416
          0.00375202         -0.00047802          0.00408702         -0.00623744         -0.00038660         -0.00055815          0.00327393          0.00038313          0.00018527          0.00134283          0.00055091         -0.00226242         -0.00108082         -0.00054612         -0.00088838         -0.00105052          0.00047669         -0.00056335
          0.02571677          0.00114041         -0.00623744          0.44735088         -0.01150159          0.09552788          0.02053182          0.00272461         -0.01430087          0.00146332          0.00006410         -0.00036122         -0.24327654          0.56029747          0.07145080         -0.25178624         -0.55272499         -0.14607917
          0.00097522         -0.00258249         -0.00038660         -0.01150159          1.63093483          0.39224608          0.00286660         -0.00269056         -0.00050311          0.00004099         -0.00055581         -0.00007600          0.61210908         -0.83029255         -0.15174693         -0.60449031         -0.79481342         -0.23953344
         -0.00550592         -0.00039134         -0.00055815          0.09552788          0.39224608         -0.30366443         -0.01483872         -0.00049500         -0.00008053         -0.00023515         -0.00007639         -0.00017064          0.08137785         -0.15787125          0.16832475         -0.15632594         -0.23341210          0.13614900
         -0.02775384         -0.00055955          0.00327393          0.02053182          0.00286660         -0.01483872          0.01404076         -0.00071548          0.00334949         -0.00255398         -0.00031457          0.00165495         -0.00214442         -0.00305914          0.00281934         -0.00212034          0.00178213          0.00374100
         -0.00105115          0.00212064          0.00038313          0.00272461         -0.00269056         -0.00049500         -0.00071548         -0.00187690          0.00018210         -0.00003274          0.00012076         -0.00011488          0.00012439          0.00070002          0.00107100         -0.00104963          0.00162603         -0.00102635
          0.00580130          0.00037516          0.00018527         -0.01430087         -0.00050311         -0.00008053          0.00334949          0.00018210         -0.00278245          0.00020701         -0.00011023          0.00066041          0.00259428          0.00129050          0.00147862          0.00234879         -0.00123441          0.00053868
         -0.00050064         -0.00025633          0.00134283          0.00146332          0.00004099         -0.00023515         -0.00255398         -0.00003274          0.00020701          0.00212339          0.00006270         -0.00037315         -0.00026653          0.00002340         -0.00048548         -0.00026555          0.00016198         -0.00045606
          0.00011483          0.00047617          0.00055091          0.00006410         -0.00055581         -0.00007639         -0.00031457          0.00012076         -0.00011023          0.00006270         -0.00047259         -0.00038650          0.00009068          0.00023105         -0.00008280         -0.00001775          0.00020041          0.00010501
         -0.00056724          0.00055670         -0.00226242         -0.00036122         -0.00007600         -0.00017064          0.00165495         -0.00011488          0.00066041         -0.00037315         -0.00038650          0.00143842         -0.00016637          0.00002942          0.00015216         -0.00018697         -0.00000874          0.00018206
          0.00187966          0.00013329         -0.00108082         -0.24327654          0.61210908          0.08137785         -0.00214442          0.00012439          0.00259428         -0.00026653          0.00009068         -0.00016637          0.22012192         -0.58514488         -0.08130438          0.02368591         -0.02731256         -0.00142056
          0.00195446         -0.00074501         -0.00054612          0.56029747         -0.83029255         -0.15787125         -0.00305914          0.00070002          0.00129050          0.00002340          0.00023105          0.00002942         -0.58514488          0.79282945          0.14044522          0.02592869          0.03727703          0.01665223
         -0.00142965         -0.00031666         -0.00088838          0.07145080         -0.15174693          0.16832475          0.00281934          0.00107100          0.00147862         -0.00048548         -0.00008280          0.00015216         -0.08130438          0.14044522         -0.13901155          0.00894936          0.01063017         -0.03005559
          0.00186533          0.00025773         -0.00105052         -0.25178624         -0.60449031         -0.15632594         -0.00212034         -0.00104963          0.00234879         -0.00026555         -0.00001775         -0.00018697          0.02368591          0.02592869          0.00894936          0.22862088          0.57937126          0.14626529
         -0.00127781         -0.00105940          0.00047669         -0.55272499         -0.79481342         -0.23341210          0.00178213          0.00162603         -0.00123441          0.00016198          0.00020041         -0.00000874         -0.02731256          0.03727703          0.01063017          0.57937126          0.75676934          0.22354839
         -0.00205051          0.00025416         -0.00056335         -0.14607917         -0.23953344          0.13614900          0.00374100         -0.00102635          0.00053868         -0.00045606          0.00010501          0.00018206         -0.00142056          0.01665223         -0.03005559          0.14626529          0.22354839         -0.10625079
  
         -0.00028145          0.00345524          0.00045685          0.00097522         -0.01132913         -0.00206413         -0.00138410          0.00273633          0.00049980          0.00010015          0.00067233          0.00009487          0.00175957          0.00279491         -0.00098771         -0.00116939          0.00167032          0.00200031
          0.00345524          0.00046223         -0.00126790         -0.00258249         -0.00114099          0.00148065          0.00250205          0.00031483         -0.00077749          0.00103430         -0.00000433          0.00040058         -0.00207132         -0.00000809          0.00027683         -0.00233778          0.00037635         -0.00011267
          0.00045685         -0.00126790          0.00015972         -0.00038660          0.00261946          0.00093433          0.00000211         -0.00000730         -0.00006555          0.00034504         -0.00007237         -0.00029621         -0.00089168         -0.00060616         -0.00075052          0.00047428         -0.00066574          0.00001824
          0.00097522         -0.00258249         -0.00038660         -0.01150159          1.63093483          0.39224608          0.00286660         -0.00269056         -0.00050311          0.00004099         -0.00055581         -0.00007600          0.61210908         -0.83029255         -0.15174693         -0.60449031         -0.79481342         -0.23953344
         -0.01132913         -0.00114099          0.00261946          1.63093483         -0.06735448          0.08410351          0.01173783          0.00153172         -0.00402266          0.00008110         -0.00021631          0.00039583         -0.83484196          0.66950520          0.16258663         -0.79658267         -0.60232514         -0.24568278
         -0.00206413          0.00148065          0.00093433          0.39224608          0.08410351          0.05111312          0.00136404         -0.00143803         -0.00231279          0.00001534          0.00033630          0.00007302         -0.15185213          0.15185944         -0.18519044         -0.23970920         -0.23634187          0.13538276
         -0.00138410          0.00250205          0.00000211          0.00286660          0.01173783          0.00136404          0.00062107         -0.00938446         -0.00117029         -0.00035522          0.00054223          0.00030996         -0.00415078         -0.00383301          0.00288678          0.00240243         -0.00156464         -0.00339260
          0.00273633          0.00031483         -0.00000730         -0.00269056          0.00153172         -0.00143803         -0.00938446         -0.00126270          0.00259466          0.00045991          0.00013114         -0.00056363          0.00407552          0.00000361         -0.00061436          0.00480325         -0.00071861          0.00002865
          0.00049980         -0.00077749         -0.00006555         -0.00050311         -0.00402266         -0.00231279         -0.00117029          0.00259466          0.00119118          0.00012723         -0.00008479         -0.00000659          0.00254653          0.00112807          0.00118824         -0.00150016          0.00116221          0.00000551
          0.00010015          0.00103430          0.00034504          0.00004099          0.00008110          0.00001534         -0.00035522          0.00045991          0.00012723         -0.00003543         -0.00140169         -0.00038252         -0.00006449          0.00000712         -0.00041576          0.00031400         -0.00018074          0.00031068
          0.00067233         -0.00000433         -0.00007237         -0.00055581         -0.00021631          0.00033630          0.00054223          0.00013114         -0.00008479         -0.00140169          0.00008596         -0.00022815          0.00038719          0.00005791         -0.00001545          0.00035575         -0.00005436          0.00006446
          0.00009487          0.00040058         -0.00029621         -0.00007600          0.00039583          0.00007302          0.00030996         -0.00056363         -0.00000659         -0.00038252         -0.00022815          0.00020397         -0.00009825          0.00000013          0.00008192          0.00015194         -0.00000476         -0.00005611
          0.00175957         -0.00207132         -0.00089168          0.61210908         -0.83484196         -0.15185213         -0.00415078          0.00407552          0.00254653         -0.00006449          0.00038719         -0.00009825         -0.60909825          0.83103806          0.14785054         -0.00055512          0.00141251          0.00244499
          0.00279491         -0.00000809         -0.00060616         -0.83029255          0.66950520          0.15185944         -0.00383301          0.00000361          0.00112807          0.00000712          0.00005791          0.00000013          0.83103806         -0.66905852         -0.15694543          0.00028547         -0.00050009          0.00456396
         -0.00098771          0.00027683         -0.00075052         -0.15174693          0.16258663         -0.18519044          0.00288678         -0.00061436          0.00118824         -0.00041576         -0.00001545          0.00008192          0.14785054         -0.15694543          0.18422311          0.00241308         -0.00528822          0.00044768
         -0.00116939         -0.00233778          0.00047428         -0.60449031         -0.79658267         -0.23970920          0.00240243          0.00480325         -0.00150016          0.00031400          0.00035575          0.00015194         -0.00055512          0.00028547          0.00241308          0.60349840          0.79347598          0.23817007
          0.00167032          0.00037635         -0.00066574         -0.79481342         -0.60232514         -0.23634187         -0.00156464         -0.00071861          0.00116221         -0.00018074         -0.00005436         -0.00000476          0.00141251         -0.00050009         -0.00528822          0.79347598          0.60322184          0.24113838
          0.00200031         -0.00011267          0.00001824         -0.23953344         -0.24568278          0.13538276         -0.00339260          0.00002865          0.00000551          0.00031068          0.00006446         -0.00005611          0.00244499          0.00456396          0.00044768          0.23817007          0.24113838         -0.13579808
  
          0.00154733          0.00046537          0.00113764         -0.00550592         -0.00206413         -0.00105189          0.00751872          0.00049570          0.00018382         -0.00048555          0.00009322          0.00021519         -0.00125512         -0.00081487         -0.00081467         -0.00181946          0.00182471          0.00032991
          0.00046537         -0.00001488          0.00041193         -0.00039134          0.00148065          0.00071236         -0.00001023         -0.00083415         -0.00022672          0.00034939         -0.00020002         -0.00032744         -0.00020117         -0.00012147         -0.00099771         -0.00021203         -0.00031013          0.00042758
          0.00113764          0.00041193         -0.00334202         -0.00055815          0.00093433         -0.00019528          0.00244820         -0.00008235         -0.00053987         -0.00068864         -0.00041733          0.00174340         -0.00130650         -0.00029882          0.00096383         -0.00103254         -0.00054777          0.00136994
         -0.00550592         -0.00039134         -0.00055815          0.09552788          0.39224608         -0.30366443         -0.01483872         -0.00049500         -0.00008053         -0.00023515         -0.00007639         -0.00017064          0.08137785         -0.15787125          0.16832475         -0.15632594         -0.23341210          0.13614900
         -0.00206413          0.00148065          0.00093433          0.39224608          0.08410351          0.05111312          0.00136404         -0.00143803         -0.00231279          0.00001534          0.00033630          0.00007302         -0.15185213          0.15185944         -0.18519044         -0.23970920         -0.23634187          0.13538276
         -0.00105189          0.00071236         -0.00019528         -0.30366443          0.05111312         -0.05914808          0.00517130         -0.00182103          0.00534633          0.00001430          0.00006137          0.00041474          0.16724237         -0.13380210         -0.07475814          0.13228835          0.08373628          0.12834042
          0.00751872         -0.00001023          0.00244820         -0.01483872          0.00136404          0.00517130         -0.00362000         -0.00115811         -0.00361106          0.00186923          0.00031083         -0.00101709          0.00390265          0.00227599         -0.00034334          0.00516812         -0.00278252         -0.00264800
          0.00049570         -0.00083415         -0.00008235         -0.00049500         -0.00143803         -0.00182103         -0.00115811          0.00100440          0.00088246          0.00012342         -0.00003561          0.00000726          0.00032878          0.00050754          0.00175915          0.00070521          0.00079584         -0.00074549
          0.00018382         -0.00022672         -0.00053987         -0.00008053         -0.00231279          0.00534633         -0.00361106          0.00088246         -0.00032860         -0.00017292          0.00009839         -0.00062721          0.00221149          0.00048596         -0.00160234          0.00146920          0.00107269         -0.00224831
         -0.00048555          0.00034939         -0.00068864         -0.00023515          0.00001534          0.00001430          0.00186923          0.00012342         -0.00017292          0.00011883         -0.00038346          0.00048977         -0.00067077         -0.00014876          0.00008596         -0.00059659          0.00004407          0.00027153
          0.00009322         -0.00020002         -0.00041733         -0.00007639          0.00033630          0.00006137          0.00031083         -0.00003561          0.00009839         -0.00038346         -0.00002115          0.00024673          0.00007740         -0.00005999          0.00019014         -0.00002160         -0.00001953         -0.00017931
          0.00021519         -0.00032744          0.00174340         -0.00017064          0.00007302          0.00041474         -0.00101709          0.00000726         -0.00062721          0.00048977          0.00024673         -0.00144335          0.00022596         -0.00003731          0.00000096          0.00025681          0.00003774         -0.00008855
         -0.00125512         -0.00020117         -0.00130650          0.08137785         -0.15185213          0.16724237          0.00390265          0.00032878          0.00221149         -0.00067077          0.00007740          0.00022596         -0.08594217          0.15166462         -0.15663317          0.00258756         -0.00001751         -0.01174015
         -0.00081487         -0.00012147         -0.00029882         -0.15787125          0.15185944         -0.13380210          0.00227599          0.00050754          0.00048596         -0.00014876         -0.00005999         -0.00003731          0.15166462         -0.15456440          0.15801383          0.00489427          0.00237888         -0.02436157
         -0.00081467         -0.00099771          0.00096383          0.16832475         -0.18519044         -0.07475814         -0.00034334          0.00175915         -0.00160234          0.00008596          0.00019014          0.00000096         -0.15663317          0.15801383          0.07762730         -0.01061952          0.02622503         -0.00223162
         -0.00181946         -0.00021203         -0.00103254         -0.15632594         -0.23970920          0.13228835          0.00516812          0.00070521          0.00146920         -0.00059659         -0.00002160          0.00025681          0.00258756          0.00489427         -0.01061952          0.15098630          0.23434335         -0.12236230
          0.00182471         -0.00031013         -0.00054777         -0.23341210         -0.23634187          0.08373628         -0.00278252          0.00079584          0.00107269          0.00004407         -0.00001953          0.00003774         -0.00001751          0.00237888          0.02622503          0.23434335          0.23349682         -0.11052397
          0.00032991          0.00042758          0.00136994          0.13614900          0.13538276          0.12834042         -0.00264800         -0.00074549         -0.00224831          0.00027153         -0.00017931         -0.00008855         -0.01174015         -0.02436157         -0.00223162         -0.12236230         -0.11052397         -0.12514188
  
         -1.69543680         -0.06113396          0.34037351         -0.02775384         -0.00138410          0.00751872          1.70865891          0.06636790         -0.36742839          0.01834398         -0.00333217          0.01685267         -0.00191258         -0.00273777          0.00085960         -0.00189967          0.00222010          0.00182389
         -0.06113396          0.20270922          0.00978680         -0.00055955          0.00250205         -0.00001023          0.05525177         -0.21840923         -0.01705438          0.00661472          0.01358101          0.00734289         -0.00035061         -0.00026885          0.00015024          0.00017762         -0.00011420         -0.00021532
