0.53924917 -0.01680355 0.07778843 -0.01313772 0.00173471 0.00303685 -0.42534734 -0.01709018 0.0927514 -0.09845286 0.03418551 -0.17474202 -0.00129475 -0.00193356 0.00062606 -0.0010165 -0.00009292 0.00053927
-0.01680355 0.03291675 -0.09236156 0.00141758 0.00563379 0.00126672 -0.00639889 -0.01613221 0.00886101 0.0236006 -0.02076241 0.08316147 -0.0015604 -0.00120015 0.00002393 -0.00032958 -0.00045577 -0.00095158
0.07778843 -0.09236156 0.4883381 0.00260918 0.00052445 0.00305311 0.03805908 0.00902182 -0.06129209 -0.11999058 0.08300069 -0.42961056 0.00049722 0.0002314 -0.00012156 0.00103497 -0.00041705 -0.000367
-0.01313772 0.00141758 0.00260918 0.46845096 -0.00522817 0.01330661 -0.0073796 -0.00084809 0.00391685 -0.0004724 -0.00151135 0.00089374 -0.22261868 0.18468508 0.02397308 -0.22484053 -0.17858927 -0.04470115
0.00173471 0.00563379 0.00052445 -0.00522817 0.61048873 0.1138365 -0.00040845 -0.00858176 -0.00091336 -0.0002266 -0.00079994 -0.00001852 0.24070612 -0.30988968 -0.04336067 -0.23657745 -0.29717533 -0.0700685
0.00303685 0.00126672 0.00305311 0.01330661 0.1138365 0.03762898 0.00196267 -0.00088575 -0.00431184 0.00123567 -0.00066193 -0.00046876 0.0359873 -0.04797152 -0.01341215 -0.0555291 -0.06558402 -0.02248934
-0.42534734 -0.00639889 0.03805908 -0.0073796 -0.00040845 0.00196267 0.44941654 0.0076545 -0.04492316 -0.01991559 -0.00130804 0.00696555 0.00158199 0.00351269 -0.00038725 0.001644 -0.00305181 -0.0016769
-0.01709018 -0.01613221 0.00902182 -0.00084809 -0.00858176 -0.00088575 0.0076545 0.02028594 -0.0088962 0.00942962 0.00237552 0.00051187 0.00307629 0.00134544 -0.00128984 -0.00222213 0.00070707 0.0015381
0.0927514 0.00886101 -0.06129209 0.00391685 -0.00091336 -0.00431184 -0.04492316 -0.0088962 0.06530115 -0.0480523 0.00066881 -0.00038144 -0.00131991 -0.0005454 -0.00008455 -0.00237289 0.00082513 0.00076877
-0.09845286 0.0236006 -0.11999058 -0.0004724 -0.0002266 0.00123567 -0.01991559 0.00942962 -0.0480523 0.11865887 -0.0327657 0.16665074 0.00007629 0.00004772 0.00008708 0.00010569 -0.00008564 0.00006939
0.03418551 -0.02076241 0.08300069 -0.00151135 -0.00079994 -0.00066193 -0.00130804 0.00237552 0.00066881 -0.0327657 0.01864828 -0.08371866 0.00023506 0.00054122 0.00047884 0.00116438 -0.00000084 0.00023211
-0.17474202 0.08316147 -0.42961056 0.00089374 -0.00001852 -0.00046876 0.00696555 0.00051187 -0.00038144 0.16665074 -0.08371866 0.43037426 0.00015735 0.00001125 0.0000934 0.00007465 0.00005259 -0.00000691
-0.00129475 -0.0015604 0.00049722 -0.22261868 0.24070612 0.0359873 0.00158199 0.00307629 -0.00131991 0.00007629 0.00023506 0.00015735 0.21028357 -0.21432622 -0.03033715 0.01197158 -0.02813086 -0.00498481
-0.00193356 -0.00120015 0.0002314 0.18468508 -0.30988968 -0.04797152 0.00351269 0.00134544 -0.0005454 0.00004772 0.00054122 0.00001125 -0.21432622 0.33693561 0.05221034 0.02801428 -0.02773244 -0.00393608
0.00062606 0.00002393 -0.00012156 0.02397308 -0.04336067 -0.01341215 -0.00038725 -0.00128984 -0.00008455 0.00008708 0.00047884 0.0000934 -0.03033715 0.05221034 0.01312281 0.00603817 -0.00806261 0.00040204
-0.0010165 -0.00032958 0.00103497 -0.22484053 -0.23657745 -0.0555291 0.001644 -0.00222213 -0.00237289 0.00010569 0.00116438 0.00007465 0.01197158 0.02801428 0.00603817 0.21213577 0.2099505 0.0507542
-0.00009292 -0.00045577 -0.00041705 -0.17858927 -0.29717533 -0.06558402 -0.00305181 0.00070707 0.00082513 -0.00008564 -0.00000084 0.00005259 -0.02813086 -0.02773244 -0.00806261 0.2099505 0.3246573 0.07318595
0.00053927 -0.00095158 -0.000367 -0.04470115 -0.0700685 -0.02248934 -0.0016769 0.0015381 0.00076877 0.00006939 0.00023211 -0.00000691 -0.00498481 -0.00393608 0.00040204 0.0507542 0.07318595 0.02169243

