  
          0.43630553          0.90585701         -0.63692387         -0.53170303         -0.69511696          0.38589421         -0.01401164         -0.04170676          0.23935237          0.10940914         -0.16903330          0.01167729
          0.90585701          0.82400844         -0.12959405         -0.69273958         -0.44269651          0.27250212         -0.03639260         -0.03742207         -0.00622296         -0.17672484         -0.34388986         -0.13668511
         -0.63692387         -0.12959405         -0.05487119          0.37918860          0.27109148         -0.00701277          0.26053919         -0.02496281          0.07284837         -0.00280391         -0.11653462         -0.01096441
         -0.53170303         -0.69273958          0.37918860          0.53172116          0.66780861         -0.35754887         -0.00139856          0.00688455         -0.01148795          0.00138043          0.01804641         -0.01015177
         -0.69511696         -0.44269651          0.27109148          0.66780861          0.40746532         -0.27248561          0.02026355          0.01109491         -0.00904376          0.00704479          0.02413628          0.01043790
          0.38589421          0.27250212         -0.00701277         -0.35754887         -0.27248561         -0.00792979         -0.00839383          0.00562436          0.01253462         -0.01995151         -0.00564087          0.00240793
         -0.01401164         -0.03639260          0.26053919         -0.00139856          0.02026355         -0.00839383          0.01058620          0.01556723         -0.23384172          0.00482399          0.00056181         -0.01830364
         -0.04170676         -0.03742207         -0.02496281          0.00688455          0.01109491          0.00562436          0.01556723          0.02339093          0.01487524          0.01925498          0.00293623          0.00446321
          0.23935237         -0.00622296          0.07284837         -0.01148795         -0.00904376          0.01253462         -0.23384172          0.01487524         -0.08415127          0.00597730          0.00039149         -0.00123173
          0.10940914         -0.17672484         -0.00280391          0.00138043          0.00704479         -0.01995151          0.00482399          0.01925498          0.00597730         -0.11561357          0.15042507          0.01677812
         -0.16903330         -0.34388986         -0.11653462          0.01804641          0.02413628         -0.00564087          0.00056181          0.00293623          0.00039149          0.15042507          0.31681734          0.12178400
          0.01167729         -0.13668511         -0.01096441         -0.01015177          0.01043790          0.00240793         -0.01830364          0.00446321         -0.00123173          0.01677812          0.12178400          0.00978821
  
          0.90585701          0.82400844         -0.12959405         -0.69273958         -0.44269651          0.27250212         -0.03639260         -0.03742207         -0.00622296         -0.17672484         -0.34388986         -0.13668511
          0.82400844         -1.39526194         -0.92032844         -0.45149394         -0.02527255          0.16018540         -0.02373703          0.05636620          0.22574290         -0.34877747          1.36416829          0.53440015
         -0.12959405         -0.92032844          0.02131212          0.30115487          0.16619529          0.00857912         -0.02496284          0.20594753         -0.02829079         -0.14659797          0.54818562         -0.00160045
         -0.69273958         -0.45149394          0.30115487          0.68289686          0.43096940         -0.28752362          0.00722025          0.02407860         -0.01870597          0.00262246         -0.00355406          0.00507472
         -0.44269651         -0.02527255          0.16619529          0.43096940          0.04592027         -0.14800569          0.01100903         -0.00811663         -0.00348349          0.00071808         -0.01253108         -0.01470612
          0.27250212          0.16018540          0.00857912         -0.28752362         -0.14800569         -0.02317527          0.01529910         -0.00727333          0.01553116         -0.00027761         -0.00490638         -0.00093500
         -0.03639260         -0.02373703         -0.02496284          0.00722025          0.01100903          0.01529910          0.01022308          0.00962862          0.01487530          0.01894926          0.00309938         -0.00521156
         -0.03742207          0.05636620          0.20594753          0.02407860         -0.00811663         -0.00727333          0.00962862         -0.02341796         -0.20131065          0.00371485         -0.02483161          0.00263645
         -0.00622296          0.22574290         -0.02829079         -0.01870597         -0.00348349          0.01553116          0.01487530         -0.20131065          0.03267980          0.01005363         -0.02094876         -0.01992017
         -0.17672484         -0.34877747         -0.14659797          0.00262246          0.00071808         -0.00027761          0.01894926          0.00371485          0.01005363          0.15515311          0.34434454          0.13682195
         -0.34388986          1.36416829          0.54818562         -0.00355406         -0.01253108         -0.00490638          0.00309938         -0.02483161         -0.02094876          0.34434454         -1.32680560         -0.52233048
         -0.13668511          0.53440015         -0.00160045          0.00507472         -0.01470612         -0.00093500         -0.00521156          0.00263645         -0.01992017          0.13682195         -0.52233048          0.02245563
  
         -0.63692387         -0.12959405         -0.05487119          0.37918860          0.27109148         -0.00701277          0.26053919         -0.02496281          0.07284837         -0.00280391         -0.11653462         -0.01096441
         -0.12959405         -0.92032844          0.02131212          0.30115487          0.16619529          0.00857912         -0.02496284          0.20594753         -0.02829079         -0.14659797          0.54818562         -0.00160045
         -0.05487119          0.02131212          2.09962343          0.00103963          0.00984400         -0.18493083          0.05970736         -0.02318789         -1.72976180         -0.00587580         -0.00796824         -0.18493079
          0.37918860          0.30115487          0.00103963         -0.36812525         -0.29209934         -0.00003533          0.00000242          0.01321382         -0.01432452         -0.01106577         -0.02226935          0.01332022
          0.27109148          0.16619529          0.00984400         -0.29209934         -0.14248944         -0.00795074          0.00667572         -0.00396112         -0.00351841          0.01433215         -0.01974473          0.00162514
         -0.00701277          0.00857912         -0.18493083         -0.00003533         -0.00795074          0.14470672         -0.00168464          0.00956019          0.02400793          0.00873273         -0.01018857          0.01621618
          0.26053919         -0.02496284          0.05970736          0.00000242          0.00667572         -0.00168464         -0.24883357          0.01787807         -0.05032774         -0.01170804          0.00040906         -0.00769498
         -0.02496281          0.20594753         -0.02318789          0.01321382         -0.00396112          0.00956019          0.01787807         -0.20973576          0.01954557         -0.00612908          0.00774935         -0.00591787
          0.07284837         -0.02829079         -1.72976180         -0.01432452         -0.00351841          0.02400793         -0.05032774          0.01954557          1.68174591         -0.00819611          0.01226363          0.02400797
         -0.00280391         -0.14659797         -0.00587580         -0.01106577          0.01433215          0.00873273         -0.01170804         -0.00612908         -0.00819611          0.02557773          0.13839491          0.00533918
         -0.11653462          0.54818562         -0.00796824         -0.02226935         -0.01974473         -0.01018857          0.00040906          0.00774935          0.01226363          0.13839491         -0.53619023          0.00589318
         -0.01096441         -0.00160045         -0.18493079          0.01332022          0.00162514          0.01621618         -0.00769498         -0.00591787          0.02400797          0.00533918          0.00589318          0.14470664
  
         -0.53170303         -0.69273958          0.37918860          0.53172116          0.66780861         -0.35754887         -0.00139856          0.00688455         -0.01148795          0.00138043          0.01804641         -0.01015177
         -0.69273958         -0.45149394          0.30115487          0.68289686          0.43096940         -0.28752362          0.00722025          0.02407860         -0.01870597          0.00262246         -0.00355406          0.00507472
          0.37918860          0.30115487          0.00103963         -0.36812525         -0.29209934         -0.00003533          0.00000242          0.01321382         -0.01432452         -0.01106577         -0.02226935          0.01332022
          0.53172116          0.68289686         -0.36812525         -0.51439382         -0.65881575          0.35318195         -0.00719576         -0.00576539          0.00598109         -0.01013158         -0.01831572          0.00896221
          0.66780861          0.43096940         -0.29209934         -0.65881575         -0.42949349          0.29494474         -0.00627098         -0.00910961          0.00666378         -0.00272189          0.00763370         -0.00950918
         -0.35754887         -0.28752362         -0.00003533          0.35318195          0.29494474         -0.00757233         -0.00468110         -0.02014949          0.01329486          0.00904802          0.01272836         -0.00568721
         -0.00139856          0.00722025          0.00000242         -0.00719576         -0.00627098         -0.00468110          0.01054033         -0.00202281          0.00690884         -0.00194601          0.00107353         -0.00223017
          0.00688455          0.02407860          0.01321382         -0.00576539         -0.00910961         -0.02014949         -0.00202281         -0.01471393          0.00907532          0.00090365         -0.00025506         -0.00213966
         -0.01148795         -0.01870597         -0.01432452          0.00598109          0.00666378          0.01329486          0.00690884          0.00907532          0.00075953         -0.00140198          0.00296687          0.00027013
          0.00138043          0.00262246         -0.01106577         -0.01013158         -0.00272189          0.00904802         -0.00194601          0.00090365         -0.00140198          0.01069716         -0.00080423          0.00341973
          0.01804641         -0.00355406         -0.02226935         -0.01831572          0.00763370          0.01272836          0.00107353         -0.00025506          0.00296687         -0.00080423         -0.00382459          0.00657412
         -0.01015177          0.00507472          0.01332022          0.00896221         -0.00950918         -0.00568721         -0.00223017         -0.00213966          0.00027013          0.00341973          0.00657412         -0.00790314
  
         -0.69511696         -0.44269651          0.27109148          0.66780861          0.40746532         -0.27248561          0.02026355          0.01109491         -0.00904376          0.00704479          0.02413628          0.01043790
         -0.44269651         -0.02527255          0.16619529          0.43096940          0.04592027         -0.14800569          0.01100903         -0.00811663         -0.00348349          0.00071808         -0.01253108         -0.01470612
          0.27109148          0.16619529          0.00984400         -0.29209934         -0.14248944         -0.00795074          0.00667572         -0.00396112         -0.00351841          0.01433215         -0.01974473          0.00162514
          0.66780861          0.43096940         -0.29209934         -0.65881575         -0.42949349          0.29494474         -0.00627098         -0.00910961          0.00666378         -0.00272189          0.00763370         -0.00950918
          0.40746532          0.04592027         -0.14248944         -0.42949349         -0.07529227          0.14013473         -0.00995932         -0.00265858          0.00405098          0.03198749          0.03203058         -0.00169627
         -0.27248561         -0.14800569         -0.00795074          0.29494474          0.14013473          0.01111263         -0.01931789          0.00069753          0.00596043         -0.00314124          0.00717343         -0.00912232
          0.02026355          0.01100903          0.00667572         -0.00627098         -0.00995932         -0.01931789         -0.01540226         -0.00159971          0.00427550          0.00140969          0.00055000          0.00836668
          0.01109491         -0.00811663         -0.00396112         -0.00910961         -0.00265858          0.00069753         -0.00159971          0.01113676         -0.00033699         -0.00038559         -0.00036155          0.00360058
         -0.00904376         -0.00348349         -0.00351841          0.00666378          0.00405098          0.00596043          0.00427550         -0.00033699         -0.00012688         -0.00189551         -0.00023051         -0.00231514
          0.00704479          0.00071808          0.01433215         -0.00272189          0.03198749         -0.00314124          0.00140969         -0.00038559         -0.00189551         -0.00573259         -0.03231998         -0.00929540
          0.02413628         -0.01253108         -0.01974473          0.00763370          0.03203058          0.00717343          0.00055000         -0.00036155         -0.00023051         -0.03231998         -0.01913795          0.01280181
          0.01043790         -0.01470612          0.00162514         -0.00950918         -0.00169627         -0.00912232          0.00836668          0.00360058         -0.00231514         -0.00929540          0.01280181          0.00981232
  
          0.38589421          0.27250212         -0.00701277         -0.35754887         -0.27248561         -0.00792979         -0.00839383          0.00562436          0.01253462         -0.01995151         -0.00564087          0.00240793
          0.27250212          0.16018540          0.00857912         -0.28752362         -0.14800569         -0.02317527          0.01529910         -0.00727333          0.01553116         -0.00027761         -0.00490638         -0.00093500
         -0.00701277          0.00857912         -0.18493083         -0.00003533         -0.00795074          0.14470672         -0.00168464          0.00956019          0.02400793          0.00873273         -0.01018857          0.01621618
         -0.35754887         -0.28752362         -0.00003533          0.35318195          0.29494474         -0.00757233         -0.00468110         -0.02014949          0.01329486          0.00904802          0.01272836         -0.00568721
         -0.27248561         -0.14800569         -0.00795074          0.29494474          0.14013473          0.01111263         -0.01931789          0.00069753          0.00596043         -0.00314124          0.00717343         -0.00912232
         -0.00792979         -0.02317527          0.14470672         -0.00757233          0.01111263         -0.11796652          0.02795618          0.01396999         -0.01901012         -0.01245406         -0.00190734         -0.00773008
         -0.00839383          0.01529910         -0.00168464         -0.00468110         -0.01931789          0.02795618          0.01575061          0.00664559         -0.02759124         -0.00267568         -0.00262681          0.00131969
          0.00562436         -0.00727333          0.00956019         -0.02014949          0.00069753          0.01396999          0.00664559          0.00252970         -0.02301770          0.00787953          0.00404610         -0.00051247
          0.01253462          0.01553116          0.02400793          0.01329486          0.00596043         -0.01901012         -0.02759124         -0.02301770         -0.00424185          0.00176175          0.00152612         -0.00075596
         -0.01995151         -0.00027761          0.00873273          0.00904802         -0.00314124         -0.01245406         -0.00267568          0.00787953          0.00176175          0.01357917         -0.00446069          0.00195958
         -0.00564087         -0.00490638         -0.01018857          0.01272836          0.00717343         -0.00190734         -0.00262681          0.00404610          0.00152612         -0.00446069         -0.00631315          0.01056979
          0.00240793         -0.00093500          0.01621618         -0.00568721         -0.00912232         -0.00773008          0.00131969         -0.00051247         -0.00075596          0.00195958          0.01056979         -0.00773014
  
         -0.01401164         -0.03639260          0.26053919         -0.00139856          0.02026355         -0.00839383          0.01058620          0.01556723         -0.23384172          0.00482399          0.00056181         -0.01830364
         -0.03639260         -0.02373703         -0.02496284          0.00722025          0.01100903          0.01529910          0.01022308          0.00962862          0.01487530          0.01894926          0.00309938         -0.00521156
          0.26053919         -0.02496284          0.05970736          0.00000242          0.00667572         -0.00168464         -0.24883357          0.01787807         -0.05032774         -0.01170804          0.00040906         -0.00769498
         -0.00139856          0.00722025          0.00000242         -0.00719576         -0.00627098         -0.00468110          0.01054033         -0.00202281          0.00690884         -0.00194601          0.00107353         -0.00223017
          0.02026355          0.01100903          0.00667572         -0.00627098         -0.00995932         -0.01931789         -0.01540226         -0.00159971          0.00427550          0.00140969          0.00055000          0.00836668
         -0.00839383          0.01529910         -0.00168464         -0.00468110         -0.01931789          0.02795618          0.01575061          0.00664559         -0.02759124         -0.00267568         -0.00262681          0.00131969
          0.01058620          0.01022308         -0.24883357          0.01054033         -0.01540226          0.01575061         -0.02306556          0.00461933          0.22997297          0.00193903          0.00055986          0.00310999
          0.01556723          0.00962862          0.01787807         -0.00202281         -0.00159971          0.00664559          0.00461933         -0.00653674         -0.01734740         -0.01816375         -0.00149217         -0.00717626
         -0.23384172          0.01487530         -0.05032774          0.00690884          0.00427550         -0.02759124          0.22997297         -0.01734740          0.08274560         -0.00304009         -0.00180339         -0.00482662
          0.00482399          0.01894926         -0.01170804         -0.00194601          0.00140969         -0.00267568          0.00193903         -0.01816375         -0.00304009         -0.00481702         -0.00219521          0.01742381
          0.00056181          0.00309938          0.00040906          0.00107353          0.00055000         -0.00262681          0.00055986         -0.00149217         -0.00180339         -0.00219521         -0.00215721          0.00402114
         -0.01830364         -0.00521156         -0.00769498         -0.00223017          0.00836668          0.00131969          0.00310999         -0.00717626         -0.00482662          0.01742381          0.00402114          0.01120191
  
         -0.04170676         -0.03742207         -0.02496281          0.00688455          0.01109491          0.00562436          0.01556723          0.02339093          0.01487524          0.01925498          0.00293623          0.00446321
         -0.03742207          0.05636620          0.20594753          0.02407860         -0.00811663         -0.00727333          0.00962862         -0.02341796         -0.20131065          0.00371485         -0.02483161          0.00263645
         -0.02496281          0.20594753         -0.02318789          0.01321382         -0.00396112          0.00956019          0.01787807         -0.20973576          0.01954557         -0.00612908          0.00774935         -0.00591787
          0.00688455          0.02407860          0.01321382         -0.00576539         -0.00910961         -0.02014949         -0.00202281         -0.01471393          0.00907532          0.00090365         -0.00025506         -0.00213966
          0.01109491         -0.00811663         -0.00396112         -0.00910961         -0.00265858          0.00069753         -0.00159971          0.01113676         -0.00033699         -0.00038559         -0.00036155          0.00360058
          0.00562436         -0.00727333          0.00956019         -0.02014949          0.00069753          0.01396999          0.00664559          0.00252970         -0.02301770          0.00787953          0.00404610         -0.00051247
          0.01556723          0.00962862          0.01787807         -0.00202281         -0.00159971          0.00664559          0.00461933         -0.00653674         -0.01734740         -0.01816375         -0.00149217         -0.00717626
          0.02339093         -0.02341796         -0.20973576         -0.01471393          0.01113676          0.00252970         -0.00653674          0.00687668          0.19203560         -0.00214025          0.00540452          0.01517045
          0.01487524         -0.20131065          0.01954557          0.00907532         -0.00033699         -0.02301770         -0.01734740          0.19203560         -0.03213392         -0.00660316          0.00961204          0.03560605
          0.01925498          0.00371485         -0.00612908          0.00090365         -0.00038559          0.00787953         -0.01816375         -0.00214025         -0.00660316         -0.00199488         -0.00118901          0.00485271
          0.00293623         -0.02483161          0.00774935         -0.00025506         -0.00036155          0.00404610         -0.00149217          0.00540452          0.00961204         -0.00118901          0.01978863         -0.02140748
          0.00446321          0.00263645         -0.00591787         -0.00213966          0.00360058         -0.00051247         -0.00717626          0.01517045          0.03560605          0.00485271         -0.02140748         -0.02917571
  
          0.23935237         -0.00622296          0.07284837         -0.01148795         -0.00904376          0.01253462         -0.23384172          0.01487524         -0.08415127          0.00597730          0.00039149         -0.00123173
         -0.00622296          0.22574290         -0.02829079         -0.01870597         -0.00348349          0.01553116          0.01487530         -0.20131065          0.03267980          0.01005363         -0.02094876         -0.01992017
          0.07284837         -0.02829079         -1.72976180         -0.01432452         -0.00351841          0.02400793         -0.05032774          0.01954557          1.68174591         -0.00819611          0.01226363          0.02400797
         -0.01148795         -0.01870597         -0.01432452          0.00598109          0.00666378          0.01329486          0.00690884          0.00907532          0.00075953         -0.00140198          0.00296687          0.00027013
         -0.00904376         -0.00348349         -0.00351841          0.00666378          0.00405098          0.00596043          0.00427550         -0.00033699         -0.00012688         -0.00189551         -0.00023051         -0.00231514
          0.01253462          0.01553116          0.02400793          0.01329486          0.00596043         -0.01901012         -0.02759124         -0.02301770         -0.00424185          0.00176175          0.00152612         -0.00075596
         -0.23384172          0.01487530         -0.05032774          0.00690884          0.00427550         -0.02759124          0.22997297         -0.01734740          0.08274560         -0.00304009         -0.00180339         -0.00482662
          0.01487524         -0.20131065          0.01954557          0.00907532         -0.00033699         -0.02301770         -0.01734740          0.19203560         -0.03213392         -0.00660316          0.00961204          0.03560605
         -0.08415127          0.03267980          1.68174591          0.00075953         -0.00012688         -0.00424185          0.08274560         -0.03213392         -1.67326207          0.00064614         -0.00041900         -0.00424199
          0.00597730          0.01005363         -0.00819611         -0.00140198         -0.00189551          0.00176175         -0.00304009         -0.00660316          0.00064614         -0.00153523         -0.00155497          0.00578822
          0.00039149         -0.02094876          0.01226363          0.00296687         -0.00023051          0.00152612         -0.00180339          0.00961204         -0.00041900         -0.00155497          0.01156723         -0.01337074
         -0.00123173         -0.01992017          0.02400797          0.00027013         -0.00231514         -0.00075596         -0.00482662          0.03560605         -0.00424199          0.00578822         -0.01337074         -0.01901002
  
          0.10940914         -0.17672484         -0.00280391          0.00138043          0.00704479         -0.01995151          0.00482399          0.01925498          0.00597730         -0.11561357          0.15042507          0.01677812
         -0.17672484         -0.34877747         -0.14659797          0.00262246          0.00071808         -0.00027761          0.01894926          0.00371485          0.01005363          0.15515311          0.34434454          0.13682195
         -0.00280391         -0.14659797         -0.00587580         -0.01106577          0.01433215          0.00873273         -0.01170804         -0.00612908         -0.00819611          0.02557773          0.13839491          0.00533918
          0.00138043          0.00262246         -0.01106577         -0.01013158         -0.00272189          0.00904802         -0.00194601          0.00090365         -0.00140198          0.01069716         -0.00080423          0.00341973
          0.00704479          0.00071808          0.01433215         -0.00272189          0.03198749         -0.00314124          0.00140969         -0.00038559         -0.00189551         -0.00573259         -0.03231998         -0.00929540
         -0.01995151         -0.00027761          0.00873273          0.00904802         -0.00314124         -0.01245406         -0.00267568          0.00787953          0.00176175          0.01357917         -0.00446069          0.00195958
          0.00482399          0.01894926         -0.01170804         -0.00194601          0.00140969         -0.00267568          0.00193903         -0.01816375         -0.00304009         -0.00481702         -0.00219521          0.01742381
          0.01925498          0.00371485         -0.00612908          0.00090365         -0.00038559          0.00787953         -0.01816375         -0.00214025         -0.00660316         -0.00199488         -0.00118901          0.00485271
          0.00597730          0.01005363         -0.00819611         -0.00140198         -0.00189551          0.00176175         -0.00304009         -0.00660316          0.00064614         -0.00153523         -0.00155497          0.00578822
         -0.11561357          0.15515311          0.02557773          0.01069716         -0.00573259          0.01357917         -0.00481702         -0.00199488         -0.00153523          0.10973343         -0.14742563         -0.03762167
          0.15042507          0.34434454          0.13839491         -0.00080423         -0.03231998         -0.00446069         -0.00219521         -0.00118901         -0.00155497         -0.14742563         -0.31083554         -0.13237925
          0.01677812          0.13682195          0.00533918          0.00341973         -0.00929540          0.00195958          0.01742381          0.00485271          0.00578822         -0.03762167         -0.13237925         -0.01308698
  
         -0.16903330         -0.34388986         -0.11653462          0.01804641          0.02413628         -0.00564087          0.00056181          0.00293623          0.00039149          0.15042507          0.31681734          0.12178400
         -0.34388986          1.36416829          0.54818562         -0.00355406         -0.01253108         -0.00490638          0.00309938         -0.02483161         -0.02094876          0.34434454         -1.32680560         -0.52233048
         -0.11653462          0.54818562         -0.00796824         -0.02226935         -0.01974473         -0.01018857          0.00040906          0.00774935          0.01226363          0.13839491         -0.53619023          0.00589318
          0.01804641         -0.00355406         -0.02226935         -0.01831572          0.00763370          0.01272836          0.00107353         -0.00025506          0.00296687         -0.00080423         -0.00382459          0.00657412
          0.02413628         -0.01253108         -0.01974473          0.00763370          0.03203058          0.00717343          0.00055000         -0.00036155         -0.00023051         -0.03231998         -0.01913795          0.01280181
         -0.00564087         -0.00490638         -0.01018857          0.01272836          0.00717343         -0.00190734         -0.00262681          0.00404610          0.00152612         -0.00446069         -0.00631315          0.01056979
          0.00056181          0.00309938          0.00040906          0.00107353          0.00055000         -0.00262681          0.00055986         -0.00149217         -0.00180339         -0.00219521         -0.00215721          0.00402114
          0.00293623         -0.02483161          0.00774935         -0.00025506         -0.00036155          0.00404610         -0.00149217          0.00540452          0.00961204         -0.00118901          0.01978863         -0.02140748
          0.00039149         -0.02094876          0.01226363          0.00296687         -0.00023051          0.00152612         -0.00180339          0.00961204         -0.00041900         -0.00155497          0.01156723         -0.01337074
          0.15042507          0.34434454          0.13839491         -0.00080423         -0.03231998         -0.00446069         -0.00219521         -0.00118901         -0.00155497         -0.14742563         -0.31083554         -0.13237925
          0.31681734         -1.32680560         -0.53619023         -0.00382459         -0.01913795         -0.00631315         -0.00215721          0.01978863          0.01156723         -0.31083554          1.32615491          0.53093615
          0.12178400         -0.52233048          0.00589318          0.00657412          0.01280181          0.01056979          0.00402114         -0.02140748         -0.01337074         -0.13237925          0.53093615         -0.00309223
  
          0.01167729         -0.13668511         -0.01096441         -0.01015177          0.01043790          0.00240793         -0.01830364          0.00446321         -0.00123173          0.01677812          0.12178400          0.00978821
         -0.13668511          0.53440015         -0.00160045          0.00507472         -0.01470612         -0.00093500         -0.00521156          0.00263645         -0.01992017          0.13682195         -0.52233048          0.02245563
         -0.01096441         -0.00160045         -0.18493079          0.01332022          0.00162514          0.01621618         -0.00769498         -0.00591787          0.02400797          0.00533918          0.00589318          0.14470664
         -0.01015177          0.00507472          0.01332022          0.00896221         -0.00950918         -0.00568721         -0.00223017         -0.00213966          0.00027013          0.00341973          0.00657412         -0.00790314
          0.01043790         -0.01470612          0.00162514         -0.00950918         -0.00169627         -0.00912232          0.00836668          0.00360058         -0.00231514         -0.00929540          0.01280181          0.00981232
          0.00240793         -0.00093500          0.01621618         -0.00568721         -0.00912232         -0.00773008          0.00131969         -0.00051247         -0.00075596          0.00195958          0.01056979         -0.00773014
         -0.01830364         -0.00521156         -0.00769498         -0.00223017          0.00836668          0.00131969          0.00310999         -0.00717626         -0.00482662          0.01742381          0.00402114          0.01120191
          0.00446321          0.00263645         -0.00591787         -0.00213966          0.00360058         -0.00051247         -0.00717626          0.01517045          0.03560605          0.00485271         -0.02140748         -0.02917571
         -0.00123173         -0.01992017          0.02400797          0.00027013         -0.00231514         -0.00075596         -0.00482662          0.03560605         -0.00424199          0.00578822         -0.01337074         -0.01901002
          0.01677812          0.13682195          0.00533918          0.00341973         -0.00929540          0.00195958          0.01742381          0.00485271          0.00578822         -0.03762167         -0.13237925         -0.01308698
          0.12178400         -0.52233048          0.00589318          0.00657412          0.01280181          0.01056979          0.00402114         -0.02140748         -0.01337074         -0.13237925          0.53093615         -0.00309223
          0.00978821          0.02245563          0.14470664         -0.00790314          0.00981232         -0.00773014          0.01120191         -0.02917571         -0.01901002         -0.01308698         -0.00309223         -0.11796648
  
  
