0.36452368	0.14633222	-0.16956345	-0.29574083	-0.17733201	0.09370584	-0.02301524	-0.01915381	0.037786	-0.04576761	0.0501536	0.0380716
0.14633222	0.68456631	0.0658437	-0.22318462	-0.18483504	0.04605134	-0.01915289	-0.06490698	-0.0146732	0.09600528	-0.43482429	-0.09722184
-0.16956345	0.0658437	0.6651061	0.12742847	0.05358784	-0.09081342	-0.01573407	0.00610944	-0.48347963	0.05786905	-0.12554097	-0.09081305
-0.29574083	-0.22318462	0.12742847	0.29401382	0.21081468	-0.11785426	-0.00311917	0.00209622	-0.00483739	0.00484618	0.01027372	-0.00473683
-0.17733201	-0.18483504	0.05358784	0.21081468	0.20663943	-0.06751834	0.00242049	0.00137354	-0.00099271	-0.03590316	-0.02317792	0.01492321
0.09370584	0.04605134	-0.09081342	-0.11785426	-0.06751834	0.09801162	0.0377148	0.02928364	-0.01189344	-0.01356638	-0.00781664	0.00469524
-0.02301524	-0.01915289	-0.01573407	-0.00311917	0.00242049	0.0377148	0.02945649	0.0148598	-0.0300489	-0.00332208	0.0018726	0.00806817
-0.01915381	-0.06490698	0.00610944	0.00209622	0.00137354	0.02928364	0.0148598	0.06195444	0.01166895	0.0021978	0.00157901	-0.04706203
0.037786	-0.0146732	-0.48347963	-0.00483739	-0.00099271	-0.01189344	-0.0300489	0.01166895	0.50726643	-0.00289972	0.00399695	-0.01189335
-0.04576761	0.09600528	0.05786905	0.00484618	-0.03590316	-0.01356638	-0.00332208	0.0021978	-0.00289972	0.04424351	-0.06229992	-0.04140295
0.0501536	-0.43482429	-0.12554097	0.01027372	-0.02317792	-0.00781664	0.0018726	0.00157901	0.00399695	-0.06229992	0.4564232	0.12936066
0.0380716	-0.09722184	-0.09081305	-0.00473683	0.01492321	0.00469524	0.00806817	-0.04706203	-0.01189335	-0.04140295	0.12936066	0.09801116

