
  
        -11.19149376         -2.73709247          2.46614430
         -2.73709247         -7.10622539          0.40839052
          2.46614430          0.40839052         -5.28868125
  
         -0.07885705         -4.94203731          0.54013603
         -4.94203731          0.12556659          1.28394298
          0.54013603          1.28394298         -0.35714709
  
         -0.07635287          0.33139506         -4.53833264
          0.33139506          1.01308639         -0.12697326
         -4.53833264         -0.12697326         -0.57703877
  
          8.79522260          3.75560609         -1.64084627
          3.75560609          1.43658237         -0.42129361
         -1.64084627         -0.42129361          0.35454469
  
          0.09662639          2.13172021         -0.41980246
          2.13172021          2.04191705         -0.79216188
         -0.41980246         -0.79216188         -0.13088222
  
          0.44903716         -0.24541765          1.85987014
         -0.24541765         -0.25133918          1.21449790
          1.85987014          1.21449790         -1.23686672
  
          0.81685698          0.42724859         -0.16456038
          0.42724859          0.70018103         -0.47707420
         -0.16456038         -0.47707420          4.38927939
  
          0.39649194          0.32793704         -0.45463959
          0.32793704          0.28688804         -0.32659613
         -0.45463959         -0.32659613          0.10060568
  
         -0.12305921         -0.10859950          2.34507629
         -0.10859950         -0.08200974         -0.61754855
          2.34507629         -0.61754855          2.46946051
  
          1.57941418         -1.44576221         -0.66073764
         -1.44576221          4.96946199          0.48997728
         -0.66073764          0.48997728          0.54485717
  
         -0.41426128          2.48238006          0.33430603
          2.48238006         -2.45437168         -0.16518496
          0.33430603         -0.16518496          0.38742363
  
         -0.24962508          0.02262208          0.33338621
          0.02262208         -0.67973747         -0.46997608
          0.33338621         -0.46997608         -0.65555502
  
  
         -0.07885705         -4.94203731          0.54013603
         -4.94203731          0.12556659          1.28394298
          0.54013603          1.28394298         -0.35714709
  
         -1.29291707         -2.53267418          1.62322655
         -2.53267418        -16.90265365         -1.99635237
          1.62322655         -1.99635237         -6.06970887
  
         -0.21648605         -0.39782137         -0.12696681
         -0.39782137         -0.14725905         -4.81600026
         -0.12696681         -4.81600026          0.22407416
  
          0.81133130          0.88248013         -0.54127552
          0.88248013          0.34713408         -0.65659628
         -0.54127552         -0.65659628          0.17932471
  
          0.49654130          2.79523235         -0.88564206
          2.79523235          5.25401828         -0.89526409
         -0.88564206         -0.89526409          0.82537460
  
          1.18455140          0.05203248          1.19915444
          0.05203248          0.40872441          1.14748343
          1.19915444          1.14748343         -0.38106837
  
          0.54336374          0.48853392         -0.51429190
          0.48853392          0.14001680         -0.48021867
         -0.51429190         -0.48021867          0.10060460
  
          0.79351550          0.17077407         -0.42244195
          0.17077407          2.21801252          0.70502683
         -0.42244195          0.70502683          4.60928068
  
         -0.14020150         -0.16338229         -0.61755225
         -0.16338229          0.21983000          0.99454909
         -0.61755225          0.99454909         -0.95892796
  
         -1.27583799          3.57102327          0.51543139
          3.57102327         -0.61271748         -0.14712802
          0.51543139         -0.14712802          0.07721778
  
          0.00286027         -0.43333223         -0.31514253
         -0.43333223          9.43062285          2.18658962
         -0.31514253          2.18658962          0.63505360
  
         -0.82786385          0.50917119         -0.45463537
          0.50917119         -0.48129535          2.67396775
         -0.45463537          2.67396775          1.11592217
  
  
         -0.07635287          0.33139506         -4.53833264
          0.33139506          1.01308639         -0.12697326
         -4.53833264         -0.12697326         -0.57703877
  
         -0.21648605         -0.39782137         -0.12696681
         -0.39782137         -0.14725905         -4.81600026
         -0.12696681         -4.81600026          0.22407416
  
         -2.10213256         -1.40729440          3.64722157
         -1.40729440         -5.17976058         -1.41627823
          3.64722157         -1.41627823        -16.94209089
  
          0.37269553         -0.15397309          0.48841194
         -0.15397309         -0.59743630          0.45249930
          0.48841194          0.45249930         -0.32177651
  
          1.38157815         -0.35851919          0.22364014
         -0.35851919         -0.09835886          0.76433568
          0.22364014          0.76433568          0.03908138
  
          1.82364158          1.43383591         -2.06143828
          1.43383591          1.81984388         -1.20266936
         -2.06143828         -1.20266936          3.21945868
  
          0.36000404         -0.30685353          3.77256571
         -0.30685353         -0.04014815         -0.31838936
          3.77256571         -0.31838936          1.16263896
  
         -0.32262838         -0.08075990         -0.31839190
         -0.08075990          0.19842498          3.07627356
         -0.31839190          3.07627356         -0.45147213
  
         -0.11529115          0.10310869         -0.87621965
          0.10310869          0.11019978          0.34025843
         -0.87621965          0.34025843         10.50318384
  
         -0.65634670          0.12943156          0.27735501
          0.12943156         -0.37550195         -0.00713668
          0.27735501         -0.00713668         -0.26382368
  
         -0.84246372          0.83710047          0.22171857
          0.83710047          0.04719294          0.97539102
          0.22171857          0.97539102          0.18831659
  
          0.39378213         -0.12965020         -0.70956365
         -0.12965020          3.24971693          2.27868916
         -0.70956365          2.27868916          3.21944837
  
  
          8.79522260          3.75560609         -1.64084627
          3.75560609          1.43658237         -0.42129361
         -1.64084627         -0.42129361          0.35454469
  
          0.81133130          0.88248013         -0.54127552
          0.88248013          0.34713408         -0.65659628
         -0.54127552         -0.65659628          0.17932471
  
          0.37269553         -0.15397309          0.48841194
         -0.15397309         -0.59743630          0.45249930
          0.48841194          0.45249930         -0.32177651
  
         -8.39418129         -3.20544584          1.56541420
         -3.20544584         -0.76500710          0.06925566
          1.56541420          0.06925566         -0.42822796
  
         -0.42141871         -1.56777965          0.06117173
         -1.56777965         -1.55169954          0.37277386
          0.06117173          0.37277386          0.21263682
  
         -0.05771950         -0.10376426         -1.58973492
         -0.10376426         -0.21728589         -0.96705956
         -1.58973492         -0.96705956          1.21162311
  
         -0.13926559         -0.24180330          0.04164429
         -0.24180330          0.01286207          0.22005359
          0.04164429          0.22005359         -0.09169160
  
         -0.11139370          0.09380912          0.20980793
          0.09380912         -0.08564875          0.23012143
          0.20980793          0.23012143         -0.24328906
  
         -0.17316070         -0.03860315          0.86172888
         -0.03860315          0.01029300          0.55655205
          0.86172888          0.55655205         -0.96677104
  
         -0.26177572         -0.30835695          0.03378778
         -0.30835695         -0.68443734          0.13198436
          0.03378778          0.13198436          0.16537487
  
         -0.27851888          0.59149041          0.27029586
          0.59149041          1.29021421          0.05370100
          0.27029586          0.05370100         -0.14867246
  
         -0.14181534          0.29634050          0.23959411
          0.29634050          0.80442918         -0.04199180
          0.23959411         -0.04199180          0.07692443
  
  
          0.09662639          2.13172021         -0.41980246
          2.13172021          2.04191705         -0.79216188
         -0.41980246         -0.79216188         -0.13088222
  
          0.49654130          2.79523235         -0.88564206
          2.79523235          5.25401828         -0.89526409
         -0.88564206         -0.89526409          0.82537460
  
          1.38157815         -0.35851919          0.22364014
         -0.35851919         -0.09835886          0.76433568
          0.22364014          0.76433568          0.03908138
  
         -0.42141871         -1.56777965          0.06117173
         -1.56777965         -1.55169954          0.37277386
          0.06117173          0.37277386          0.21263682
  
         -0.90750950         -2.77947987          0.71437471
         -2.77947987         -5.51246224          1.08454680
          0.71437471          1.08454680         -0.96123222
  
         -1.32305326          0.21556536         -0.90099230
          0.21556536          0.40414995         -1.32500865
         -0.90099230         -1.32500865          0.60954959
  
         -0.25577159         -0.06599242          0.49022479
         -0.06599242         -0.25702109          0.20962373
          0.49022479          0.20962373         -0.16627324
  
          0.09078800         -0.08488173          0.20082660
         -0.08488173          0.03876960         -0.05565762
          0.20082660         -0.05565762          0.04063079
  
         -0.08765695         -0.01099771          0.55594994
         -0.01099771         -0.09536684          0.51601508
          0.55594994          0.51601508         -0.42253053
  
          0.58056392         -0.49794814         -0.13159406
         -0.49794814         -0.23319642          0.20976429
         -0.13159406          0.20976429          0.08451865
  
          0.32018020          0.06912925         -0.02955925
          0.06912925          0.21967436         -0.13362509
         -0.02955925         -0.13362509          0.09522683
  
          0.02913206          0.15395155          0.12140222
          0.15395155         -0.21042425          0.04465789
          0.12140222          0.04465789         -0.22610044
  
  
          0.44903716         -0.24541765          1.85987014
         -0.24541765         -0.25133918          1.21449790
          1.85987014          1.21449790         -1.23686672
  
          1.18455140          0.05203248          1.19915444
          0.05203248          0.40872441          1.14748343
          1.19915444          1.14748343         -0.38106837
  
          1.82364158          1.43383591         -2.06143828
          1.43383591          1.81984388         -1.20266936
         -2.06143828         -1.20266936          3.21945868
  
         -0.05771950         -0.10376426         -1.58973492
         -0.10376426         -0.21728589         -0.96705956
         -1.58973492         -0.96705956          1.21162311
  
         -1.32305326          0.21556536         -0.90099230
          0.21556536          0.40414995         -1.32500865
         -0.90099230         -1.32500865          0.60954959
  
         -2.21212480         -1.39693500          1.79884306
         -1.39693500         -1.85444664          1.18825412
          1.79884306          1.18825412         -2.96040583
  
         -0.54433758         -0.06885110         -0.38139772
         -0.06885110          0.01032872         -0.22851544
         -0.38139772         -0.22851544         -0.18410986
  
         -0.03772414         -0.06555010         -0.11584723
         -0.06555010         -0.32325124          0.00453490
         -0.11584723          0.00453490         -0.34341474
  
          0.20425641          0.08295564          0.16976241
          0.08295564          0.11248935          0.05046365
          0.16976241          0.05046365         -0.28365462
  
          0.15301990          0.41803300          0.11126250
          0.41803300          0.45829634         -0.01892290
          0.11126250         -0.01892290          0.20935347
  
          0.17622600         -0.20204774         -0.18231491
         -0.20204774         -0.48962312          0.17299032
         -0.18231491          0.17299032          0.11493351
  
          0.18422681         -0.11985655          0.09283282
         -0.11985655         -0.07788659         -0.03604841
          0.09283282         -0.03604841          0.02460177
  
  
          0.81685698          0.42724859         -0.16456038
          0.42724859          0.70018103         -0.47707420
         -0.16456038         -0.47707420          4.38927939
  
          0.54336374          0.48853392         -0.51429190
          0.48853392          0.14001680         -0.48021867
         -0.51429190         -0.48021867          0.10060460
  
          0.36000404         -0.30685353          3.77256571
         -0.30685353         -0.04014815         -0.31838936
          3.77256571         -0.31838936          1.16263896
  
         -0.13926559         -0.24180330          0.04164429
         -0.24180330          0.01286207          0.22005359
          0.04164429          0.22005359         -0.09169160
  
         -0.25577159         -0.06599242          0.49022479
         -0.06599242         -0.25702109          0.20962373
          0.49022479          0.20962373         -0.16627324
  
         -0.54433758         -0.06885110         -0.38139772
         -0.06885110          0.01032872         -0.22851544
         -0.38139772         -0.22851544         -0.18410986
  
         -1.03079372         -0.22523888          0.21191540
         -0.22523888         -0.70352172          0.00689057
          0.21191540          0.00689057         -4.47012796
  
         -0.29386737         -0.36411678         -0.00692253
         -0.36411678         -0.19369103          0.10020637
         -0.00692253          0.10020637          0.02003219
  
          0.27983635          0.07531485         -3.35703904
          0.07531485          0.08476974          0.28303081
         -3.35703904          0.28303081         -1.07442622
  
          0.35320234          0.03979358         -0.08899931
          0.03979358         -0.00952138          0.25013003
         -0.08899931          0.25013003          0.17254018
  
          0.00627523         -0.05842472          0.03098963
         -0.05842472          0.31069532          0.17038858
          0.03098963          0.17038858          0.04563645
  
         -0.09550281          0.30038978         -0.03412895
          0.30038978         -0.05495031          0.26387399
         -0.03412895          0.26387399          0.09589713
  
  
          0.39649194          0.32793704         -0.45463959
          0.32793704          0.28688804         -0.32659613
         -0.45463959         -0.32659613          0.10060568
  
          0.79351550          0.17077407         -0.42244195
          0.17077407          2.21801252          0.70502683
         -0.42244195          0.70502683          4.60928068
  
         -0.32262838         -0.08075990         -0.31839190
         -0.08075990          0.19842498          3.07627356
         -0.31839190          3.07627356         -0.45147213
  
         -0.11139370          0.09380912          0.20980793
          0.09380912         -0.08564875          0.23012143
          0.20980793          0.23012143         -0.24328906
  
          0.09078800         -0.08488173          0.20082660
         -0.08488173          0.03876960         -0.05565762
          0.20082660         -0.05565762          0.04063079
  
         -0.03772414         -0.06555010         -0.11584723
         -0.06555010         -0.32325124          0.00453490
         -0.11584723          0.00453490         -0.34341474
  
         -0.29386737         -0.36411678         -0.00692253
         -0.36411678         -0.19369103          0.10020637
         -0.00692253          0.10020637          0.02003219
  
         -0.85360501         -0.12506237          0.06463437
         -0.12506237         -1.94695514         -0.11429230
          0.06463437         -0.11429230         -4.42631430
  
          0.13414078          0.23624801          0.28303277
          0.23624801         -0.27572575         -2.73807441
          0.28303277         -2.73807441          0.41721711
  
          0.00876914         -0.05762937          0.25175418
         -0.05762937         -0.00754826         -0.00373166
          0.25175418         -0.00373166          0.12265119
  
         -0.03069848          0.03917003          0.15698098
          0.03917003         -0.30982699         -0.53507692
          0.15698098         -0.53507692         -0.22359717
  
          0.22621173         -0.08993800          0.15120636
         -0.08993800          0.40055201         -0.34273404
          0.15120636         -0.34273404          0.37766975
  
  
         -0.12305921         -0.10859950          2.34507629
         -0.10859950         -0.08200974         -0.61754855
          2.34507629         -0.61754855          2.46946051
  
         -0.14020150         -0.16338229         -0.61755225
         -0.16338229          0.21983000          0.99454909
         -0.61755225          0.99454909         -0.95892796
  
         -0.11529115          0.10310869         -0.87621965
          0.10310869          0.11019978          0.34025843
         -0.87621965          0.34025843         10.50318384
  
         -0.17316070         -0.03860315          0.86172888
         -0.03860315          0.01029300          0.55655205
          0.86172888          0.55655205         -0.96677104
  
         -0.08765695         -0.01099771          0.55594994
         -0.01099771         -0.09536684          0.51601508
          0.55594994          0.51601508         -0.42253053
  
          0.20425641          0.08295564          0.16976241
          0.08295564          0.11248935          0.05046365
          0.16976241          0.05046365         -0.28365462
  
          0.27983635          0.07531485         -3.35703904
          0.07531485          0.08476974          0.28303081
         -3.35703904          0.28303081         -1.07442622
  
          0.13414078          0.23624801          0.28303277
          0.23624801         -0.27572575         -2.73807441
          0.28303277         -2.73807441          0.41721711
  
         -0.16880032         -0.13297199          0.61523988
         -0.13297199         -0.45959750         -0.23891273
          0.61523988         -0.23891273         -9.93587191
  
          0.01638356          0.07188780          0.15023387
          0.07188780         -0.01305300         -0.22203431
          0.15023387         -0.22203431         -0.42826325
  
          0.09371767         -0.06186800         -0.22143045
         -0.06186800          0.15126259          1.22751024
         -0.22143045          1.22751024          0.96424137
  
          0.07983506         -0.05309234          0.09121736
         -0.05309234          0.23690837         -0.15180935
          0.09121736         -0.15180935         -0.28365732
  
  
          1.57941418         -1.44576221         -0.66073764
         -1.44576221          4.96946199          0.48997728
         -0.66073764          0.48997728          0.54485717
  
         -1.27583799          3.57102327          0.51543139
          3.57102327         -0.61271748         -0.14712802
          0.51543139         -0.14712802          0.07721778
  
         -0.65634670          0.12943156          0.27735501
          0.12943156         -0.37550195         -0.00713668
          0.27735501         -0.00713668         -0.26382368
  
         -0.26177572         -0.30835695          0.03378778
         -0.30835695         -0.68443734          0.13198436
          0.03378778          0.13198436          0.16537487
  
          0.58056392         -0.49794814         -0.13159406
         -0.49794814         -0.23319642          0.20976429
         -0.13159406          0.20976429          0.08451865
  
          0.15301990          0.41803300          0.11126250
          0.41803300          0.45829634         -0.01892290
          0.11126250         -0.01892290          0.20935347
  
          0.35320234          0.03979358         -0.08899931
          0.03979358         -0.00952138          0.25013003
         -0.08899931          0.25013003          0.17254018
  
          0.00876914         -0.05762937          0.25175418
         -0.05762937         -0.00754826         -0.00373166
          0.25175418         -0.00373166          0.12265119
  
          0.01638356          0.07188780          0.15023387
          0.07188780         -0.01305300         -0.22203431
          0.15023387         -0.22203431         -0.42826325
  
         -1.67084080          1.71432558          0.71594917
          1.71432558         -4.27550328         -0.87209167
          0.71594917         -0.87209167         -0.88277223
  
          0.68650493         -3.01544576         -0.63559151
         -3.01544576          0.85346215         -0.05890461
         -0.63559151         -0.05890461         -0.28438762
  
          0.48694324         -0.61935237         -0.53885137
         -0.61935237         -0.06974139          0.24809389
         -0.53885137          0.24809389          0.48273346
  
  
         -0.41426128          2.48238006          0.33430603
          2.48238006         -2.45437168         -0.16518496
          0.33430603         -0.16518496          0.38742363
  
          0.00286027         -0.43333223         -0.31514253
         -0.43333223          9.43062285          2.18658962
         -0.31514253          2.18658962          0.63505360
  
         -0.84246372          0.83710047          0.22171857
          0.83710047          0.04719294          0.97539102
          0.22171857          0.97539102          0.18831659
  
         -0.27851888          0.59149041          0.27029586
          0.59149041          1.29021421          0.05370100
          0.27029586          0.05370100         -0.14867246
  
          0.32018020          0.06912925         -0.02955925
          0.06912925          0.21967436         -0.13362509
         -0.02955925         -0.13362509          0.09522683
  
          0.17622600         -0.20204774         -0.18231491
         -0.20204774         -0.48962312          0.17299032
         -0.18231491          0.17299032          0.11493351
  
          0.00627523         -0.05842472          0.03098963
         -0.05842472          0.31069532          0.17038858
          0.03098963          0.17038858          0.04563645
  
         -0.03069848          0.03917003          0.15698098
          0.03917003         -0.30982699         -0.53507692
          0.15698098         -0.53507692         -0.22359717
  
          0.09371767         -0.06186800         -0.22143045
         -0.06186800          0.15126259          1.22751024
         -0.22143045          1.22751024          0.96424137
  
          0.68650493         -3.01544576         -0.63559151
         -3.01544576          0.85346215         -0.05890461
         -0.63559151         -0.05890461         -0.28438762
  
         -0.29234199          0.32503295          0.18772080
          0.32503295         -9.34047022         -1.51788762
          0.18772080         -1.51788762         -0.50668327
  
          0.57252006         -0.57318473          0.18202680
         -0.57318473          0.29116760         -2.37589159
          0.18202680         -2.37589159         -1.26749148
  
  
         -0.24962508          0.02262208          0.33338621
          0.02262208         -0.67973747         -0.46997608
          0.33338621         -0.46997608         -0.65555502
  
         -0.82786385          0.50917119         -0.45463537
          0.50917119         -0.48129535          2.67396775
         -0.45463537          2.67396775          1.11592217
  
          0.39378213         -0.12965020         -0.70956365
         -0.12965020          3.24971693          2.27868916
         -0.70956365          2.27868916          3.21944837
  
         -0.14181534          0.29634050          0.23959411
          0.29634050          0.80442918         -0.04199180
          0.23959411         -0.04199180          0.07692443
  
          0.02913206          0.15395155          0.12140222
          0.15395155         -0.21042425          0.04465789
          0.12140222          0.04465789         -0.22610044
  
          0.18422681         -0.11985655          0.09283282
         -0.11985655         -0.07788659         -0.03604841
          0.09283282         -0.03604841          0.02460177
  
         -0.09550281          0.30038978         -0.03412895
          0.30038978         -0.05495031          0.26387399
         -0.03412895          0.26387399          0.09589713
  
          0.22621173         -0.08993800          0.15120636
         -0.08993800          0.40055201         -0.34273404
          0.15120636         -0.34273404          0.37766975
  
          0.07983506         -0.05309234          0.09121736
         -0.05309234          0.23690837         -0.15180935
          0.09121736         -0.15180935         -0.28365732
  
          0.48694324         -0.61935237         -0.53885137
         -0.61935237         -0.06974139          0.24809389
         -0.53885137          0.24809389          0.48273346
  
          0.57252006         -0.57318473          0.18202680
         -0.57318473          0.29116760         -2.37589159
          0.18202680         -2.37589159         -1.26749148
  
         -0.65784399          0.30259909          0.52551347
          0.30259909         -3.40873872         -2.09083140
          0.52551347         -2.09083140         -2.96039281
  
  
  
