


 

Column   1     Column   2     Column   3     Column   4     Column   5
       1      -0.66388595    -1.91662321    -0.19194306     0.40796291     3.50924384
       2      -1.91662321     0.27959856    -0.48772023     2.54500738     0.19698250
       3      -0.19194306    -0.48772023     2.88550568     0.29129393     0.09159191
       4       0.40796291     2.54500738     0.29129393    -0.36581601    -3.00216017
       5       3.50924384     0.19698250     0.09159191    -3.00216017    -0.33074125
       6       1.06699583     0.43279925    -0.58826251    -0.34710100     0.18858579
       7       0.31325265    -0.62900066    -0.09206566    -0.16971521    -0.57429538
       8      -1.13631663    -0.55090050     0.44743516     0.39678084     0.03279728
       9      -0.69351254     0.06193796    -2.35010406    -0.01467773    -0.06444052
      10      -0.05732961     0.00061649    -0.03139724     0.15000905     0.06721171
      11      -0.45630400     0.07431944    -0.05130684     0.06037195     0.10096147
      12      -0.18154023    -0.00701698     0.05286088     0.06708040    -0.21573718

               Column   6     Column   7     Column   8     Column   9     Column  10
       1       1.06699583     0.31325265    -1.13631663    -0.69351254    -0.05732961
       2       0.43279925    -0.62900066    -0.55090050     0.06193796     0.00061649
       3      -0.58826251    -0.09206566     0.44743516    -2.35010406    -0.03139724
       4      -0.34710100    -0.16971521     0.39678084    -0.01467773     0.15000905
       5       0.18858579    -0.57429538     0.03279728    -0.06444052     0.06721171
       6       0.58290051    -0.69749266    -0.45485396     0.16886366    -0.00169454
       7      -0.69749266    -0.14601869     0.74980946     0.71229884     0.00248125
       8      -0.45485396     0.74980946     0.52701193     0.00404150    -0.01027368
       9       0.16886366     0.71229884     0.00404150     2.16437706    -0.00410857
      10      -0.00169454     0.00248125    -0.01027368    -0.00410857    -0.09516069
      11      -0.16653109     0.45348658    -0.00890871    -0.00153895    -0.05755452
      12      -0.16350166     0.07725949     0.00337729     0.01686333     0.03720035

               Column  11     Column  12
       1      -0.45630400    -0.18154023
       2       0.07431944    -0.00701698
       3      -0.05130684     0.05286088
       4       0.06037195     0.06708040
       5       0.10096147    -0.21573718
       6      -0.16653109    -0.16350166
       7       0.45348658     0.07725949
       8      -0.00890871     0.00337729
       9      -0.00153895     0.01686333
      10      -0.05755452     0.03720035
      11      -0.16637220     0.21937687
      12       0.21937687     0.09377744
    ==== End of matrix output ====

 Anharmonic force constants (*,*,I):    2
 ----------------------------------------

               Column   1     Column   2     Column   3     Column   4     Column   5
       1      -3.87087253     0.61110212    -0.39769012     3.92827680    -0.20284818
       2       0.61110212    -2.55798991     1.91555441    -0.02739039     2.99629823
       3      -0.39769012     1.91555441    -3.67086091     0.40660913     0.15805659
       4       3.92827680    -0.02739039     0.40660913    -4.12556814     0.13937406
       5      -0.20284818     2.99629823     0.15805659     0.13937406    -3.35491426
       6       0.63516989    -0.24582223     3.83437890    -0.40207431    -0.15086820
       7       0.63002952    -0.63718160     0.00353083    -0.63212474     0.03784898
       8      -0.65350861    -0.79308189    -1.51456951     0.05210937     0.05156337
       9      -0.01016702    -1.53946848    -0.13843573    -0.38178379     0.07302585
      10      -0.68743379     0.05346987    -0.03961387     0.83461247     0.02562515
      11       0.24525467     0.35477358    -0.55904150    -0.16409304     0.30705266
      12      -0.22731274    -0.13026371    -0.02508225     0.35816956    -0.08021424

               Column   6     Column   7     Column   8     Column   9     Column  10
       1       0.63516989     0.63002952    -0.65350861    -0.01016702    -0.68743379
       2      -0.24582223    -0.63718160    -0.79308189    -1.53946848     0.05346987
       3       3.83437890     0.00353083    -1.51456951    -0.13843573    -0.03961387
       4      -0.40207431    -0.63212474     0.05210937    -0.38178379     0.83461247
       5      -0.15086820     0.03784898     0.05156337     0.07302585     0.02562515
       6      -3.00365887    -0.37666532     0.06293674    -0.70083181     0.15165437
       7      -0.37666532    -0.01251256     0.57578048     0.39288250     0.01460778
       8       0.06293674     0.57578048     0.69239286     1.45176948     0.02561875
       9      -0.70083181     0.39288250     1.45176948     0.86968787    -0.00093169
      10       0.15165437     0.01460778     0.02561875    -0.00093169    -0.16178646
      11       0.33375368     0.02355214     0.04912566     0.01467315    -0.10471377
      12      -0.12988822    -0.01974801    -0.00013672    -0.03042033    -0.11110881

               Column  11     Column  12
       1       0.24525467    -0.22731274
       2       0.35477358    -0.13026371
       3      -0.55904150    -0.02508225
       4      -0.16409304     0.35816956
       5       0.30705266    -0.08021424
       6       0.33375368    -0.12988822
       7       0.02355214    -0.01974801
       8       0.04912566    -0.00013672
       9       0.01467315    -0.03042033
      10      -0.10471377    -0.11110881
      11      -0.71095189     0.21061466
      12       0.21061466     0.18539080
    ==== End of matrix output ====

 Anharmonic force constants (*,*,I):    3
 ----------------------------------------

               Column   1     Column   2     Column   3     Column   4     Column   5
       1       4.06075435    -0.77806386     3.74173782    -1.88727986     0.30905899
       2      -0.77806386     1.02999696    -3.80166525     0.45782647     0.43523130
       3       3.74173782    -3.80166525     7.14418693    -0.59123824     3.31048883
       4      -1.88727986     0.45782647    -0.59123824     0.77269776     0.19751808
       5       0.30905899     0.43523130     3.31048883     0.19751808    -0.25671862
       6      -1.03917863     3.79515442    -0.43338827     0.56287934    -3.55138400
       7      -3.33622988     0.31487147    -3.24107438     1.35736504    -0.27747021
       8       0.70492213    -1.32923628     0.33981485    -0.49292070     0.01821552
       9      -3.21385287     0.04127221    -6.53776589     0.27653465    -0.27148804
      10       1.16275540     0.00536591     0.16047072    -0.20816201    -0.22910687
      11      -0.23591727    -0.13599198     0.15136156    -0.16242386    -0.19672820
      12       0.51129368    -0.03476139    -0.17303276    -0.22851380     0.51238321

               Column   6     Column   7     Column   8     Column   9     Column  10
       1      -1.03917863    -3.33622988     0.70492213    -3.21385287     1.16275540
       2       3.79515442     0.31487147    -1.32923628     0.04127221     0.00536591
       3      -0.43338827    -3.24107438     0.33981485    -6.53776589     0.16047072
       4       0.56287934     1.35736504    -0.49292070     0.27653465    -0.20816201
       5      -3.55138400    -0.27747021     0.01821552    -0.27148804    -0.22910687
       6      -0.00211172     0.64722484    -0.57816249     0.30114423    -0.22115951
       7       0.64722484     2.92024606    -0.22724841     2.94187285    -0.94138122
       8      -0.57816249    -0.22724841     1.28844621     0.23963111     0.01524697
       9       0.30114423     2.94187285     0.23963111     6.22715636    -0.00455463
      10      -0.22115951    -0.94138122     0.01524697    -0.00455463    -0.01321216
      11       0.33439207     0.18984714     0.02257455    -0.00941527     0.20849399
      12       0.13435576    -0.34802330    -0.00128347     0.00946530     0.06524342

               Column  11     Column  12
       1      -0.23591727     0.51129368
       2      -0.13599198    -0.03476139
       3       0.15136156    -0.17303276
       4      -0.16242386    -0.22851380
       5      -0.19672820     0.51238321
       6       0.33439207     0.13435576
       7       0.18984714    -0.34802330
       8       0.02257455    -0.00128347
       9      -0.00941527     0.00946530
      10       0.20849399     0.06524342
      11       0.31014563    -0.47633835
      12      -0.47633835     0.02921170
    ==== End of matrix output ====

 Anharmonic force constants (*,*,I):    4
 ----------------------------------------

               Column   1     Column   2     Column   3     Column   4     Column   5
       1       0.01890862     2.42739770     0.50053106     0.73360109    -3.11441866
       2       2.42739770     0.33017709     0.18790108    -2.93488492    -0.19682398
       3       0.50053106     0.18790108    -0.58508761     0.22146674     0.43342198
       4       0.73360109    -2.93488492     0.22146674    -1.22782835     2.48702878
       5      -3.11441866    -0.19682398     0.43342198     2.48702878    -0.27931137
       6      -1.10840089     0.09205461     0.58874049     1.21095429    -0.48963770
       7       0.05949211     0.40096794    -0.67192021    -0.78255862     0.46369169
       8       0.51232184    -0.10077043    -0.16652296    -0.11637286    -0.07481546
       9      -0.02029320    -0.21513863     0.16557261    -0.09470307    -0.00757031
      10      -0.81200182     0.10651929    -0.02756361     1.29870760     0.16369819
      11       0.17469912    -0.03258268    -0.45480010     0.56422901     0.55095081
      12       0.62816303    -0.06481706    -0.16922549    -1.33591205     0.06378603

               Column   6     Column   7     Column   8     Column   9     Column  10
       1      -1.10840089     0.05949211     0.51232184    -0.02029320    -0.81200182
       2       0.09205461     0.40096794    -0.10077043    -0.21513863     0.10651929
       3       0.58874049    -0.67192021    -0.16652296     0.16557261    -0.02756361
       4       1.21095429    -0.78255862    -0.11637286    -0.09470307     1.29870760
       5      -0.48963770     0.46369169    -0.07481546    -0.00757031     0.16369819
       6      -2.88589900     1.09156733    -0.05128397    -0.05291231    -1.21482880
       7       1.09156733    -0.03352333    -0.40884431     0.10850609     0.75658983
       8      -0.05128397    -0.40884431     0.16661801     0.21934112     0.01289533
       9      -0.05291231     0.10850609     0.21934112    -0.09577452     0.00649018
      10      -1.21482880     0.75658983     0.01289533     0.00649018    -1.24329562
      11       0.44886706    -0.45581532     0.00896788     0.00336782    -0.28311281
      12       2.35007082    -0.52815321    -0.00153419    -0.01688578     1.23590223

               Column  11     Column  12
       1       0.17469912     0.62816303
       2      -0.03258268    -0.06481706
       3      -0.45480010    -0.16922549
       4       0.56422901    -1.33591205
       5       0.55095081     0.06378603
       6       0.44886706     2.35007082
       7      -0.45581532    -0.52815321
       8       0.00896788    -0.00153419
       9       0.00336782    -0.01688578
      10      -0.28311281     1.23590223
      11      -0.52733601     0.00256521
      12       0.00256521    -2.16395954
    ==== End of matrix output ====

 Anharmonic force constants (*,*,I):    5
 ----------------------------------------

               Column   1     Column   2     Column   3     Column   4     Column   5
       1       3.51989745    -0.12055599     0.09767486    -3.22942496     0.01447710
       2      -0.12055599     3.35536300    -0.15093153     0.18401168    -2.99669628
       3       0.09767486    -0.15093153     3.00366613     0.13337934    -0.24584190
       4      -3.22942496     0.18401168     0.13337934     3.08921585    -0.59818351
       5       0.01447710    -2.99669628    -0.24584190    -0.59818351     2.55845152
       6       0.11508586     0.15810880    -3.83443553    -0.08708450     1.91560290
       7      -0.35458383    -0.04356646    -0.02076726     0.28702813    -0.04551731
       8       0.14654251    -0.30707620     0.33380955    -0.22770027    -0.35481784
       9       0.15738973    -0.08018643     0.12992398    -0.02651972    -0.13028453
      10       0.06411133    -0.01988923    -0.20426832    -0.14162109     0.62922372
      11      -0.04046363    -0.05159052     0.06296389     0.64187210     0.79306260
      12      -0.37015046     0.07300917     0.70084542    -0.02180924    -1.53947647

               Column   6     Column   7     Column   8     Column   9     Column  10
       1       0.11508586    -0.35458383     0.14654251     0.15738973     0.06411133
       2       0.15810880    -0.04356646    -0.30707620    -0.08018643    -0.01988923
       3      -3.83443553    -0.02076726     0.33380955     0.12992398    -0.20426832
       4      -0.08708450     0.28702813    -0.22770027    -0.02651972    -0.14162109
       5       1.91560290    -0.04551731    -0.35481784    -0.13028453     0.62922372
       6       3.67095450    -0.02144644    -0.55907765     0.02507943    -0.01460765
       7      -0.02144644    -0.25048128     0.12165237    -0.13009480     0.31803698
       8      -0.55907765     0.12165237     0.71109413     0.21060012    -0.04049462
       9       0.02507943    -0.13009480     0.21060012    -0.18542453    -0.00077522
      10      -0.01460765     0.31803698    -0.04049462    -0.00077522    -0.24052722
      11      -1.51463405    -0.03256860    -0.04920009    -0.00012917    -0.56883987
      12       0.13840161     0.17230851     0.01466798     0.03042113     0.21965119

               Column  11     Column  12
       1      -0.04046363    -0.37015046
       2      -0.05159052     0.07300917
       3       0.06296389     0.70084542
       4       0.64187210    -0.02180924
       5       0.79306260    -1.53947647
       6      -1.51463405     0.13840161
       7      -0.03256860     0.17230851
       8      -0.04920009     0.01466798
       9      -0.00012917     0.03042113
      10      -0.56883987     0.21965119
      11      -0.69227199     1.45179932
      12       1.45179932    -0.86966815
    ==== End of matrix output ====

 Anharmonic force constants (*,*,I):    6
 ----------------------------------------

               Column   1     Column   2     Column   3     Column   4     Column   5
       1       0.80253010     0.45018078    -0.42760472    -1.54368555     0.19039343
       2       0.45018078    -0.25588697     3.55243333     0.06252586     0.43549826
       3      -0.42760472     3.55243333    -0.00232584     0.42052061    -3.79569984
       4      -1.54368555     0.06252586     0.42052061     2.65002041    -0.50439831
       5       0.19039343     0.43549826    -3.79569984    -0.50439831     1.03149879
       6      -0.47120382    -3.31112094    -0.43225858    -2.18766161     3.79992786
       7      -0.36764592    -0.43595909     0.17655260     1.04794858     0.22391471
       8      -0.39900885    -0.19710504    -0.33530083    -0.00513614    -0.13608028
       9       0.21003680    -0.51354227     0.13431014    -0.11426625     0.03482823
      10       1.10880137    -0.07674756    -0.15843850    -2.18731967     0.09009016
      11      -0.24156536     0.01749376     0.57856734     0.44700858    -1.33091676
      12       0.68877175     0.27222988     0.30027428     1.86953553    -0.03905626

               Column   6     Column   7     Column   8     Column   9     Column  10
       1      -0.47120382    -0.36764592    -0.39900885     0.21003680     1.10880137
       2      -3.31112094    -0.43595909    -0.19710504    -0.51354227    -0.07674756
       3      -0.43225858     0.17655260    -0.33530083     0.13431014    -0.15843850
       4      -2.18766161     1.04794858    -0.00513614    -0.11426625    -2.18731967
       5       3.79992786     0.22391471    -0.13608028     0.03482823     0.09009016
       6       7.13954357     0.65551139    -0.15155833    -0.17324714     1.98045233
       7       0.65551139     0.24854206     0.40182627    -0.08485007    -0.92884472
       8      -0.15155833     0.40182627     0.31051168     0.47744918     0.00231872
       9      -0.17324714    -0.08485007     0.47744918     0.02953254    -0.01092047
      10       1.98045233    -0.92884472     0.00231872    -0.01092047     2.00736303
      11      -0.33724860    -0.18978189     0.02267365     0.00126486    -0.01566132
      12      -6.53403785    -0.74721392     0.00940998     0.00940446    -1.81109335

               Column  11     Column  12
       1      -0.24156536     0.68877175
       2       0.01749376     0.27222988
       3       0.57856734     0.30027428
       4       0.44700858     1.86953553
       5      -1.33091676    -0.03905626
       6      -0.33724860    -6.53403785
       7      -0.18978189    -0.74721392
       8       0.02267365     0.00940998
       9       0.00126486     0.00940446
      10      -0.01566132    -1.81109335
      11       1.29074936    -0.24258359
      12      -0.24258359     6.22435910
    ==== End of matrix output ====

 Anharmonic force constants (*,*,I):    7
 ----------------------------------------

               Column   1     Column   2     Column   3     Column   4     Column   5
       1       0.29343072    -0.51756477    -0.44196986    -0.28800767    -0.09735754
       2      -0.51756477    -0.57676410     0.32910435     0.29685170    -0.07100070
       3      -0.44196986     0.32910435    -2.67626070    -0.28277779    -0.03528458
       4      -0.28800767     0.29685170    -0.28277779     0.17063582    -0.00354659
       5      -0.09735754    -0.07100070    -0.03528458    -0.00354659     0.03402429
       6      -0.28108691    -0.48974251     0.46639984     0.18395239    -0.02660063
       7      -0.00553740     0.22812790     0.73617054     0.09754674     0.10433825
       8       0.61863046     0.65919343    -0.29500181    -0.28658925     0.03051107
       9       0.72419995     0.14620116     2.20369398     0.09883607     0.05745445
      10       0.00011434    -0.00741483     0.00071128    -0.00164729    -0.00343412
      11      -0.00370815    -0.01142863     0.00118205    -0.00671586     0.00646534
      12      -0.00114318     0.01443700     0.00616688     0.00085305     0.00443076

               Column   6     Column   7     Column   8     Column   9     Column  10
       1      -0.28108691    -0.00553740     0.61863046     0.72419995     0.00011434
       2      -0.48974251     0.22812790     0.65919343     0.14620116    -0.00741483
       3       0.46639984     0.73617054    -0.29500181     2.20369398     0.00071128
       4       0.18395239     0.09754674    -0.28658925     0.09883607    -0.00164729
       5      -0.02660063     0.10433825     0.03051107     0.05745445    -0.00343412
       6      -0.37982939     0.09021048     0.50407826    -0.11003117    -0.00434640
       7       0.09021048    -0.08287981    -0.34165263    -0.82803210    -0.00912953
       8       0.50407826    -0.34165263    -0.72801038    -0.20544330     0.00961142
       9      -0.11003117    -0.82803210    -0.20544330    -2.07106569     0.00499607
      10      -0.00434640    -0.00912953     0.00961142     0.00499607     0.01066248
      11       0.01226488     0.00918648     0.03830588     0.00178769     0.00123753
      12       0.02346072     0.00165108    -0.00363315    -0.02259712    -0.00136095

               Column  11     Column  12
       1      -0.00370815    -0.00114318
       2      -0.01142863     0.01443700
       3       0.00118205     0.00616688
       4      -0.00671586     0.00085305
       5       0.00646534     0.00443076
       6       0.01226488     0.02346072
       7       0.00918648     0.00165108
       8       0.03830588    -0.00363315
       9       0.00178769    -0.02259712
      10       0.00123753    -0.00136095
      11      -0.03334259    -0.01523461
      12      -0.01523461    -0.00703047
    ==== End of matrix output ====

 Anharmonic force constants (*,*,I):    8
 ----------------------------------------

               Column   1     Column   2     Column   3     Column   4     Column   5
       1       0.84893612    -0.54246052     0.52211342    -1.08618338     0.07921893
       2      -0.54246052    -1.32594266    -1.34840260    -0.09145652     0.18872355
       3       0.52211342    -1.34840260     0.56680880    -0.38865803     0.25923105
       4      -1.08618338    -0.09145652    -0.38865803     1.10716672    -0.06668744
       5       0.07921893     0.18872355     0.25923105    -0.06668744    -0.52928334
       6      -0.60257508    -0.17056727    -0.55941526     0.22255172    -0.41450643
       7      -0.20808571     0.62422567    -0.13434127     0.37554187     0.03065221
       8       0.44733135     1.12763676     1.09485110     0.20409923     0.31252858
       9      -0.13374403     1.52469050     0.01539371     0.39136973     0.06251084
      10       0.44533297     0.00969138     0.01771722    -0.40253960    -0.04318371
      11       0.01591024     0.00958235    -0.00567956    -0.04595527     0.02803121
      12       0.21420569    -0.00572063    -0.02278726    -0.20929472     0.09276454

               Column   6     Column   7     Column   8     Column   9     Column  10
       1      -0.60257508    -0.20808571     0.44733135    -0.13374403     0.44533297
       2      -0.17056727     0.62422567     1.12763676     1.52469050     0.00969138
       3      -0.55941526    -0.13434127     1.09485110     0.01539371     0.01771722
       4       0.22255172     0.37554187     0.20409923     0.39136973    -0.40253960
       5      -0.41450643     0.03065221     0.31252858     0.06251084    -0.04318371
       6      -0.10128069     0.40573823     0.50106775     0.65251322    -0.02657750
       7       0.40573823    -0.18788305    -0.68956503    -0.25910997     0.02042689
       8       0.50106775    -0.68956503    -1.49193101    -1.58430569     0.03813445
       9       0.65251322    -0.25910997    -1.58430569    -0.64576150     0.00148427
      10      -0.02657750     0.02042689     0.03813445     0.00148427    -0.06322026
      11       0.08400595     0.03468715     0.05176567    -0.00289564    -0.00464212
      12       0.00818272    -0.01228698    -0.01161316    -0.02214544     0.00737601

               Column  11     Column  12
       1       0.01591024     0.21420569
       2       0.00958235    -0.00572063
       3      -0.00567956    -0.02278726
       4      -0.04595527    -0.20929472
       5       0.02803121     0.09276454
       6       0.08400595     0.00818272
       7       0.03468715    -0.01228698
       8       0.05176567    -0.01161316
       9      -0.00289564    -0.02214544
      10      -0.00464212     0.00737601
      11      -0.08937923    -0.07543075
      12      -0.07543075     0.03674997
    ==== End of matrix output ====

 Anharmonic force constants (*,*,I):    9
 ----------------------------------------

               Column   1     Column   2     Column   3     Column   4     Column   5
       1      -3.59190857     0.34278428    -3.34893713     1.51826561    -0.03324785
       2       0.34278428    -1.12599197     0.13695792    -0.47904557    -0.43446650
       3      -3.34893713     0.13695792    -6.79499998     0.32634804    -0.16002162
       4       1.51826561    -0.47904557     0.32634804    -0.44327909    -0.01883140
       5      -0.03324785    -0.43446650    -0.16002162    -0.01883140     0.35073740
       6       0.71176639    -0.64512288     0.43271404    -0.20943625    -0.11078005
       7       2.93001333     0.13452052     2.96939672    -1.16253336     0.06283800
       8      -0.29558946     1.55161780     0.03136931     0.50063722     0.10854447
       9       2.97562755     0.50951212     6.36249596    -0.14384733     0.23511464
      10      -0.85637037     0.00174076    -0.00036231     0.05481116    -0.01075875
      11      -0.01394698     0.00884066    -0.00830561    -0.00276025    -0.02481538
      12      -0.33845681    -0.00134717    -0.00021002     0.02050699     0.03568703

               Column   6     Column   7     Column   8     Column   9     Column  10
       1       0.71176639     2.93001333    -0.29558946     2.97562755    -0.85637037
       2      -0.64512288     0.13452052     1.55161780     0.50951212     0.00174076
       3       0.43271404     2.96939672     0.03136931     6.36249596    -0.00036231
       4      -0.20943625    -1.16253336     0.50063722    -0.14384733     0.05481116
       5      -0.11078005     0.06283800     0.10854447     0.23511464    -0.01075875
       6      -0.34668799    -0.44134397     0.72143225    -0.12729697    -0.01386004
       7      -0.44134397    -2.54720769    -0.19716464    -2.83261116     0.77972772
       8       0.72143225    -0.19716464    -1.63767980    -0.73362811    -0.00788312
       9      -0.12729697    -2.83261116    -0.73362811    -6.22569363     0.00083094
      10      -0.01386004     0.77972772    -0.00788312     0.00083094     0.02183150
      11       0.03447068    -0.00019388    -0.02248248    -0.01099865     0.01690111
      12       0.04127092     0.30455841    -0.01917345    -0.00950536     0.01339141

               Column  11     Column  12
       1      -0.01394698    -0.33845681
       2       0.00884066    -0.00134717
       3      -0.00830561    -0.00021002
       4      -0.00276025     0.02050699
       5      -0.02481538     0.03568703
       6       0.03447068     0.04127092
       7      -0.00019388     0.30455841
       8      -0.02248248    -0.01917345
       9      -0.01099865    -0.00950536
      10       0.01690111     0.01339141
      11       0.03845719    -0.01516642
      12      -0.01516642    -0.03155554
    ==== End of matrix output ====

 Anharmonic force constants (*,*,I):   10
 ----------------------------------------

               Column   1     Column   2     Column   3     Column   4     Column   5
       1       0.35039272     0.00710574     0.13286559    -0.85610409    -0.29634608
       2       0.00710574    -0.03480074    -0.02888593     0.09285102     0.07120515
       3       0.13286559    -0.02888593     0.37888485    -0.23079547    -0.48870052
       4      -0.85610409     0.09285102    -0.23079547     1.43139834     0.51794886
       5      -0.29634608     0.07120515    -0.48870052     0.51794886     0.57721211
       6       0.32920410    -0.03464166    -0.46614841    -1.05524886     0.32682129
       7      -0.36569230     0.00022142     0.02680907     0.85708724     0.00716459
       8       0.00431650    -0.00602539     0.01362902     0.00672193     0.01104705
       9      -0.01123861     0.00639533    -0.02231741     0.01042145     0.01398500
      10       0.87140366    -0.10017818     0.05876563    -1.45418198    -0.22876736
      11       0.28492384    -0.03037902     0.50395743    -0.61752180    -0.65946431
      12      -0.45083108     0.05713227     0.10958098     1.27417227     0.14789423

               Column   6     Column   7     Column   8     Column   9     Column  10
       1       0.32920410    -0.36569230     0.00431650    -0.01123861     0.87140366
       2      -0.03464166     0.00022142    -0.00602539     0.00639533    -0.10017818
       3      -0.46614841     0.02680907     0.01362902    -0.02231741     0.05876563
       4      -1.05524886     0.85708724     0.00672193     0.01042145    -1.45418198
       5       0.32682129     0.00716459     0.01104705     0.01398500    -0.22876736
       6       2.67412667    -0.48860154     0.00134386    -0.00580914     1.22555086
       7      -0.48860154     0.26005776     0.00116043     0.00825010    -0.75145270
       8       0.00134386     0.00116043     0.03321116    -0.01673925    -0.01219885
       9      -0.00580914     0.00825010    -0.01673925     0.00557026    -0.00743293
      10       1.22555086    -0.75145270    -0.01219885    -0.00743293     1.33423102
      11      -0.29352349    -0.00854643    -0.03823282    -0.00364108     0.34114440
      12      -2.20216911     0.45354237     0.00176636     0.02255630    -1.27688356

               Column  11     Column  12
       1       0.28492384    -0.45083108
       2      -0.03037902     0.05713227
       3       0.50395743     0.10958098
       4      -0.61752180     1.27417227
       5      -0.65946431     0.14789423
       6      -0.29352349    -2.20216911
       7      -0.00854643     0.45354237
       8      -0.03823282     0.00176636
       9      -0.00364108     0.02255630
      10       0.34114440    -1.27688356
      11       0.72807615    -0.20679286
      12      -0.20679286     2.07003183
    ==== End of matrix output ====

 Anharmonic force constants (*,*,I):   11
 ----------------------------------------

               Column   1     Column   2     Column   3     Column   4     Column   5
       1      -0.49932582     0.05364932    -0.22637534     0.38566732     0.10989672
       2       0.05364932     0.53073136    -0.41447311    -0.06617082    -0.19015630
       3      -0.22637534    -0.41447311     0.10129472    -0.15028644    -0.17065903
       4       0.38566732    -0.06617082    -0.15028644    -0.06777456     0.52400758
       5       0.10989672    -0.19015630    -0.17065903     0.52400758     1.32747491
       6      -0.14253836     0.25925335     0.55937533     0.26002504    -1.34834832
       7      -0.06562098     0.05592806     0.15347901    -0.02996128    -0.02262137
       8       0.05736494    -0.02802763     0.08403080    -0.02732035    -0.00961847
       9      -0.01126777     0.09272466    -0.00816457     0.01618197    -0.00568650
      10       0.17927948    -0.04340656     0.22569054    -0.29394937    -0.61128292
      11      -0.22091098    -0.31254743     0.50110135    -0.43051641    -1.12770013
      12       0.38018148     0.06249510    -0.65250548    -0.12255620     1.52469385

               Column   6     Column   7     Column   8     Column   9     Column  10
       1      -0.14253836    -0.06562098     0.05736494    -0.01126777     0.17927948
       2       0.25925335     0.05592806    -0.02802763     0.09272466    -0.04340656
       3       0.55937533     0.15347901     0.08403080    -0.00816457     0.22569054
       4       0.26002504    -0.02996128    -0.02732035     0.01618197    -0.29394937
       5      -1.34834832    -0.02262137    -0.00961847    -0.00568650    -0.61128292
       6      -0.56677105    -0.00994624    -0.00569167     0.02278414    -0.10668383
       7      -0.00994624     0.45023200    -0.00674564    -0.00509903    -0.35464974
       8      -0.00569167    -0.00674564     0.08944953    -0.07543661    -0.02329896
       9       0.02278414    -0.00509903    -0.07543661    -0.03676413     0.00018483
      10      -0.10668383    -0.35464974    -0.02329896     0.00018483     0.46931964
      11       1.09478663    -0.02656105    -0.05180343    -0.01160156     0.67798845
      12      -0.01538842    -0.13843374    -0.00290253     0.02214456    -0.11919154

               Column  11     Column  12
       1      -0.22091098     0.38018148
       2      -0.31254743     0.06249510
       3       0.50110135    -0.65250548
       4      -0.43051641    -0.12255620
       5      -1.12770013     1.52469385
       6       1.09478663    -0.01538842
       7      -0.02656105    -0.13843374
       8      -0.05180343    -0.00290253
       9      -0.01160156     0.02214456
      10       0.67798845    -0.11919154
      11       1.49205099    -1.58428642
      12      -1.58428642     0.64574934
    ==== End of matrix output ====

 Anharmonic force constants (*,*,I):   12
 ----------------------------------------

               Column   1     Column   2     Column   3     Column   4     Column   5
       1      -1.27246335    -0.01474819     0.03477635     1.90756909    -0.46603769
       2      -0.01474819     0.35099901     0.10872917    -0.04153942    -0.43392050
       3       0.03477635     0.10872917    -0.34782909    -0.15679668     0.64854158
       4       1.90756909    -0.04153942    -0.15679668    -2.96445522     0.32549350
       5      -0.46603769    -0.43392050     0.64854158     0.32549350    -1.12854677
       6       0.81142892     0.16189107     0.43437779     1.81636539    -0.14019453
       7       0.77533974    -0.01173838     0.09786159    -1.24110839    -0.00714280
       8      -0.00918604    -0.02510818    -0.03448377    -0.00329744     0.00863218
       9       0.02687671    -0.03577617     0.04131497    -0.01795316     0.00116560
      10      -1.41044548     0.06802598    -0.00090918     2.32835236     0.14768700
      11       0.48997192     0.10802967    -0.72278699    -0.28065664     1.55383509
      12      -0.87308198    -0.23484408    -0.12786366    -1.64568106    -0.50951265

               Column   6     Column   7     Column   8     Column   9     Column  10
       1       0.81142892     0.77533974    -0.00918604     0.02687671    -1.41044548
       2       0.16189107    -0.01173838    -0.02510818    -0.03577617     0.06802598
       3       0.43437779     0.09786159    -0.03448377     0.04131497    -0.00090918
       4       1.81636539    -1.24110839    -0.00329744    -0.01795316     2.32835236
       5      -0.14019453    -0.00714280     0.00863218     0.00116560     0.14768700
       6      -6.80631715    -0.87412096     0.00809611    -0.00019475    -1.73267095
       7      -0.87412096    -0.62148785     0.02188041    -0.02349047     1.08725650
       8       0.00809611     0.02188041     0.03856941     0.01543851    -0.00939693
       9      -0.00019475    -0.02349047     0.01543851    -0.03142215     0.01456692
      10      -1.73267095     1.08725650    -0.00939693     0.01456692    -2.00516338
      11      -0.02979264    -0.00299923    -0.02209341     0.01917205    -0.20631605
      12       6.37213411     0.79974984     0.01094915    -0.00969808     1.71901320

               Column  11     Column  12
       1       0.48997192    -0.87308198
       2       0.10802967    -0.23484408
       3      -0.72278699    -0.12786366
       4      -0.28065664    -1.64568106
       5       1.55383509    -0.50951265
       6      -0.02979264     6.37213411
       7      -0.00299923     0.79974984
       8      -0.02209341     0.01094915
       9       0.01917205    -0.00969808
      10      -0.20631605     1.71901320
      11      -1.63977135     0.73340758
      12       0.73340758    -6.23457237
